100
7 8
3 333789676 92818 628070263 8 724145191 4
1 6
0 4
2 6
5 6
0 5
2 3
1 5
4 6
5 3
6 17914952 208008221 926768944 409053264
1 3
1 4
4 4
5 2
875578851 189019746 9 75688 321280738
4 4
1 4
4 10
30705 32900 449847262 50753
0 1
2 2
1 1
0 2
0 2
2 2
0 3
1 2
2 2
1 1
6 9
646768637 42741 1 7 76938 787308909
0 4
2 4
0 0
1 4
0 2
1 3
1 1
2 4
0 2
10 10
210721642 476484930 137235684 6 3 682679188 4 920418205 68393 7
3 5
0 9
3 8
5 6
0 5
4 7
2 8
5 9
1 3
2 2
3 9
3 33906 80053
1 2
0 1
1 2
0 2
0 1
0 1
2 2
0 2
1 2
10 10
1 75179 548576214 83627 6 59317 297593524 71875119 27228 644404208
0 5
2 9
2 2
3 7
1 2
0 4
0 4
0 3
6 9
3 5
2 2
1 4
0 0
0 1
3 8
52142 659570682 3
0 2
0 2
0 2
2 2
1 2
1 1
0 0
0 2
10 10
6 93741 1 38108 7 87163 6974 5 54080 942147399
4 9
2 6
1 4
0 6
3 4
4 4
0 1
0 4
3 7
0 0
10 10
1 42115 78831 4013776 679736254 957158839 325155571 64367697 616379853 304162447
0 3
3 6
4 8
1 6
3 6
4 4
2 5
0 7
1 7
3 3
10 10
20356 53871 9 38400 69642 3498 174765558 613258263 6 808957666
4 9
7 8
4 6
7 7
3 5
2 4
2 8
0 3
1 1
2 5
9 9
73129 3 91774959 3 87113 79706 906046196 321617682 719526419
2 4
1 3
3 4
1 7
0 5
7 8
2 4
4 6
1 6
1 10
641883851
0 0
0 0
0 0
0 0
0 0
0 0
0 0
0 0
0 0
0 0
1 7
10475
0 0
0 0
0 0
0 0
0 0
0 0
0 0
8 6
50210 4 888407089 55045 83101 40846 4 519856039
2 7
6 7
0 2
3 4
2 5
1 4
10 3
254191023 10 52718 75574 9 9 44802 53698 316261398 478194363
1 4
8 8
3 8
4 6
13627 607706943 304982426 3
2 2
0 2
0 3
1 3
1 2
1 2
5 10
10 68065 8 4 64039
0 2
0 1
2 3
0 1
2 4
2 2
0 4
1 3
0 2
0 3
2 9
976432164 225586180
0 1
0 0
0 1
1 1
0 1
1 1
0 1
1 1
0 0
9 9
311461980 66418240 822520286 73965 4 7061 45802 9 410368211
3 4
1 7
2 6
1 7
2 6
4 7
1 6
7 7
2 7
10 10
605544487 48193 1 435075740 8 3091660 51864 49752 10 60464
6 6
0 9
5 6
1 7
2 3
1 3
4 5
3 7
0 8
0 8
1 1
1000000000
0 0
6 1
398273197 8 444046999 5 4 913820066
0 5
3 7
817926935 203383334 9
2 2
0 2
0 1
0 2
1 1
0 1
1 2
9 9
8 808676578 5981 7 31655 779967690 9 5 9812
3 4
3 8
2 3
1 7
3 8
1 7
4 4
6 7
7 8
10 4
9 249170957 591323105 24001 91943 91273 76652 10 8 3
5 8
6 7
1 1
3 4
7 7
6 66283 4 2 289549588 756846377 8384
2 5
0 3
1 3
0 0
2 6
0 1
2 6
10 10
8 75730 9 4 68342 8457 42137 10 6 6
8 9
0 2
3 9
1 2
5 8
0 9
4 9
3 5
3 7
1 9
7 10
1 839449370 56461 46526 3 58429 732169135
1 5
1 5
0 6
0 3
0 6
1 1
1 5
1 2
0 4
1 2
2 8
7 311901498
0 0
1 1
0 1
0 1
0 0
1 1
1 1
0 0
10 10
241689594 2 1 5 752931531 7 982654121 9 7 416248270
1 3
2 8
1 7
2 2
2 5
3 3
2 6
3 6
4 9
1 8
6 7
6 6175481 247739721 800577086 77515 69705
2 2
1 1
2 4
1 5
1 2
2 2
3 5
10 10
13569 87191 5 764298818 9271627 17828251 70467680 15549 359472672 5
2 3
0 9
6 8
7 8
1 2
4 6
0 9
0 4
3 3
5 8
7 3
3 294170192 9 4 11853 23129 5
6 6
3 3
0 0
1 7
94948
0 0
0 0
0 0
0 0
0 0
0 0
0 0
9 1
8 43529812 247235510 8 802639352 388387719 80269 2 9
5 7
6 2
3 355247944 72516 2 2 9
2 5
4 5
8 5
8 3 5 20257 729312542 9 303525583 5
2 7
5 6
5 7
0 0
1 3
1 2
16342
0 0
0 0
2 7
25098 48042
0 1
0 1
0 1
0 1
1 1
0 1
1 1
9 6
274200863 679276623 548519493 96048 883940819 457820711 387297401 99026 319678398
1 7
3 4
7 8
0 1
0 0
2 4
3 3
1000000000 32767 1
0 1
1 2
2 2
10 10
2 37132 72823 11203276 310547069 882178028 45604 689542464 702187575 5
0 5
7 9
0 1
5 9
0 2
5 6
1 5
0 4
6 9
2 5
6 7
110701667 74523 96481807 59645 596553238 66873
3 3
1 4
3 4
4 4
3 5
1 5
5 5
10 6
10 534484419 64516 78897 4 2 3 5 25783 8
4 8
3 4
7 8
0 4
7 9
2 6
3 3
354353425 453523523 543557893
0 1
1 2
0 2
10 10
39173 6 12387 702610010 42635 84673 75004 289423571 6 7681
1 9
0 4
4 6
4 8
3 9
7 7
3 7
1 8
0 2
5 7
4 4
182380907 95604 647445566 89332
0 3
3 3
0 3
0 2
8 7
662905478 51340 15269 103206327 366657784 361883017 60416 2
4 5
1 2
4 4
2 5
0 6
0 5
0 1
2 8
7 418712376
0 1
0 0
0 1
0 0
0 1
0 1
0 1
1 1
6 3
908583818 3 7 9 6 13337
2 4
3 4
4 4
7 3
103468941 78549 40145 66389 71218 578619026 4
3 6
1 3
5 6
2 9
1 5
0 0
0 0
0 0
0 1
0 1
0 0
1 1
0 0
1 1
8 8
3 2 63557 6 727248166 5 6 125450327
0 3
4 5
2 5
0 5
2 3
0 1
1 5
1 4
8 5
2 1 4 2 24827 8634 310448612 6
3 3
0 3
0 6
5 7
2 5
10 10
278015948 8 4 3 845893349 5 7618 3 30649 10
2 9
0 9
4 9
5 8
1 5
5 5
2 8
1 5
7 9
3 7
1 3
4
0 0
0 0
0 0
5 1
25650 85158 117424345 2 10689
0 4
10 10
681146409 8 755147182 3 540640070 41675991 461761363 91463 7 800266836
0 9
0 2
1 4
3 5
3 5
3 9
3 4
7 9
2 4
1 2
1 1
6
0 0
8 6
1 8338 828115645 1 44824 16766 65693 749739647
0 5
1 6
0 5
4 7
1 3
1 5
10 10
2 386279801 564518245 993267614 871368385 696969257 5 571513773 250296174 679673707
1 9
0 7
1 7
3 4
1 4
8 8
1 8
0 7
0 7
9 9
8 9
90315 34061637 8 12199 84736 7204 7 89710
0 4
1 2
0 5
6 7
5 6
3 4
3 3
2 5
5 5
10 10
7 2 9 9 8742 3 10 8 94830 679979627
1 3
2 3
3 4
4 9
0 3
2 4
2 9
0 9
8 9
1 8
10 10
7980 34395 86899 41798 8728625 51445 33409 7 87228 86291
1 8
3 5
1 2
4 6
4 5
0 9
2 8
1 7
5 8
6 7
3 2
1 2 3
0 1
1 2
2 8
26442 756312047
1 1
1 1
0 1
0 0
1 1
1 1
0 1
0 1
7 7
984450883 4 78026 66200 77158 74364 89314
3 5
1 2
0 5
1 3
5 5
5 6
1 2
5 7
490460061 7 829511862 27939 272751807
1 4
1 1
3 3
1 2
0 4
0 1
0 3
10 7
193498717 1 92650 13905 294807346 32038 368264097 38391 12763 479315411
2 7
1 2
6 8
3 9
2 6
0 7
1 1
10 10
51561 9 13183 894245303 18071 391813517 63885 902966858 6 82776
0 6
5 9
3 9
3 9
3 4
1 8
5 8
6 7
1 8
0 4
5 2
45520 146867700 68335 10 6
1 4
0 3
4 4
2 4 73987 303801660
0 0
2 3
0 2
1 1
4 5
5 211259757 1 38092967
0 3
0 2
3 3
2 2
0 1
10 10
7777347 9 3 90100 536613656 10 2 36576 898978986 7
1 9
3 3
2 3
4 6
1 4
4 7
3 5
6 8
1 7
1 2
6 10
11242 45422 7 18603933 61699 927600876
0 4
3 4
1 2
3 4
0 4
1 4
0 1
2 5
1 1
1 3
3 4
29930 37262 3
0 0
0 0
2 2
0 2
9 4
81999 9 1 629891372 79360 5 354352015 2 5
2 2
0 4
1 8
1 8
10 10
882023827 728090980 2908 92779 6 961931907 1 13938 2 7
1 9
3 6
2 5
2 9
0 7
1 8
0 7
3 4
0 2
3 5
10 10
560175152 695454637 629584839 724264245 7 992074645 8 52733 377660149 3
5 9
2 9
6 7
3 6
4 4
3 7
1 5
0 1
3 9
8 8
4 8
1 233218915 29659 3
1 3
0 1
2 2
1 3
0 2
0 2
1 2
3 3
2 8
35329 76150011
0 1
0 0
0 1
0 1
0 0
0 1
0 1
1 1
2 4
42731759 13856
0 0
0 0
1 1
0 0
1 10
10
0 0
0 0
0 0
0 0
0 0
0 0
0 0
0 0
0 0
0 0
10 10
664436215 94835 90158 89322 490148122 81228 96525 49317 4 504229639
1 2
5 7
0 7
5 9
2 4
2 2
3 4
6 6
2 8
0 7
3 3
3 96952 4
0 2
0 2
0 2
2 9
4 10
0 0
1 1
0 1
0 1
0 1
0 1
0 1
1 1
0 1
9 1
8575 33147 7381 423712717 136195393 8 2 63078 76571
5 7
5 5
831674511 5 78024 4 7
0 3
1 2
0 2
0 3
0 3
7 4
996923698 144547307 145037401 6 395864014 358510838 9838
1 3
0 2
4 4
0 3
7 4
3 362503527 44338037 78733 18152 940380829 1
5 6
2 6
0 1
4 5
6 5
21694 730665656 73419 155187837 47114 474152355
1 3
3 5
1 4
1 4
2 5
10 10
168775156 48496 10 788065190 763182293 5 9 55506 3 20619
1 3
4 9
3 7
4 5
1 4
2 7
1 6
4 7
0 2
1 5
7 8
91532 3 560546866 9 455125222 470856294 4
0 5
3 5
0 5
3 3
3 3
1 6
1 3
5 5
3 3
116061766 4 67852
0 1
1 2
0 2
3 6
30441 61612 373875160
0 0
1 2
2 2
0 1
1 1
0 2
7 8
21289 3 10 19900 4 920658624 455421288
2 2
0 3
4 4
1 5
6 6
2 6
2 4
6 6
2 10
8844 9
1 1
0 0
0 0
0 1
0 0
0 0
1 1
0 1
0 1
1 1
