100
1 1 3 7127904
717
672
46 12 23 453050155
244 502 309 683 291 833 596 917 707 836 356 745 350 293 169 687 808 420 310 952 670 810 715 272 569 799 387 468 373 354 255 339 925 595 111 549 536 424 516 324 564 596 557 498 743 195
293 407 368 517 242 588 176 69 257 733 798 240 565 149 556 996 750 563 49 387 905 480 944 279 951 872 398 187 121 295 913 917 39 230 49 322 715 20 40 288 503 458 755 273 84 509
17 4 739 356577596
616 500 315 205 514 576 705 714 664 610 665 779 713 35 343 361 221
517 333 171 473 826 732 239 124 948 629 758 610 286 92 417 981 223
35 17 68 562402848
310 942 926 8 577 610 203 176 222 831 981 477 853 961 582 392 948 371 932 855 544 12 298 881 333 608 618 169 311 396 478 781 267 942 2
706 379 653 34 28 246 852 839 963 631 621 471 241 667 904 539 632 542 720 510 186 788 17 817 97 858 295 908 378 258 909 120 982 570 828
11 3 911 12176145
744 776 240 23 571 703 503 195 43 212 689
25 258 811 597 298 972 79 933 769 890 116
2 1 819 121640651
61 97
354 723
47 33 485 73740928
771 278 380 572 508 454 178 796 560 604 575 88 447 722 380 81 611 647 706 149 988 32 343 437 11 140 102 977 267 278 973 773 656 691 951 280 496 854 29 504 638 249 703 894 395 788 494
777 244 433 283 31 888 494 33 666 375 811 655 439 116 88 268 1 287 926 606 848 299 617 812 682 250 37 95 324 504 240 727 905 901 466 31 624 104 361 270 718 428 961 395 637 853 749
2 1 74 617620337
782 361
660 94
38 2 353 205372761
592 375 231 860 382 677 187 241 362 868 41 870 959 578 860 751 274 982 291 743 119 112 415 751 638 482 540 407 569 392 374 156 456 975 905 985 25 718
340 644 42 313 314 112 552 301 726 793 335 263 5 404 104 169 401 580 442 558 482 120 727 588 906 516 550 596 217 26 808 84 575 110 663 11 853 201
34 11 346 240996205
614 828 777 314 297 953 855 232 299 326 466 213 98 737 416 130 224 727 498 72 670 209 646 20 273 312 130 421 802 796 921 574 43 531
548 354 515 531 90 50 998 39 31 705 282 661 832 684 290 28 807 714 752 676 683 203 649 7 408 187 170 527 450 928 78 466 873 923
32 21 600 30710581
588 94 759 246 190 436 137 49 934 192 404 148 492 652 403 65 131 191 680 896 406 953 271 97 645 253 988 25 958 295 981 94
251 169 334 163 400 318 228 152 545 244 686 860 954 707 922 769 591 251 540 351 86 633 40 116 716 315 793 596 23 16 787 526
17 16 431 953997953
763 389 434 375 470 40 740 654 484 93 69 796 399 851 995 204 666
718 666 646 149 522 352 495 561 39 150 207 335 944 416 257 579 129
15 6 557 74098250
331 809 121 206 578 405 276 781 750 960 257 665 690 855 553
416 306 488 245 265 35 297 903 489 293 465 913 473 704 651
50 24 589 390117056
95 998 635 205 656 297 92 803 655 563 654 381 870 968 421 553 799 225 553 149 160 340 45 821 456 722 862 758 260 803 729 693 125 434 792 273 28 939 704 794 132 233 507 8 647 682 569 673 248 432
861 493 874 559 176 145 805 959 9 147 511 336 96 744 51 253 119 938 835 832 472 215 181 173 605 432 250 929 829 733 717 534 376 918 378 998 643 197 898 166 888 376 778 736 978 533 189 692 224 893
34 7 546 65326043
278 38 932 978 683 586 863 262 752 590 697 426 646 792 716 728 531 495 459 619 945 578 515 344 270 550 965 438 896 189 643 186 800 19
569 13 988 218 116 20 31 938 186 275 908 484 765 318 35 232 753 152 23 624 784 949 871 429 259 658 290 472 489 136 315 800 986 797
38 4 150 387190342
778 743 840 79 915 99 165 332 215 303 941 972 288 734 852 218 482 629 549 497 532 910 421 657 999 903 461 864 253 661 574 121 785 801 846 567 166 859
799 174 458 93 845 583 133 709 682 94 900 578 364 946 721 274 726 678 628 416 413 390 670 130 343 154 277 227 604 829 288 91 969 59 324 392 88 336
7 6 881 47492832
388 446 656 650 269 392 476
361 26 754 728 91 541 735
2 1 5 11
1 2
3 4
30 9 708 276335839
33 135 107 870 317 515 18 227 192 697 945 528 262 410 369 115 964 269 515 620 525 196 459 163 150 744 14 394 691 293
384 658 180 596 433 10 449 954 170 619 268 438 755 689 856 267 604 156 196 226 126 61 557 943 271 175 756 556 21 2
49 47 772 807889482
834 5 737 300 569 352 715 358 224 4 423 485 839 935 224 486 319 549 304 793 775 140 32 686 851 22 471 322 409 401 577 941 509 21 894 708 432 792 187 859 429 353 842 279 345 826 201 218 404
670 486 445 988 497 450 186 73 340 264 243 384 214 708 566 681 445 429 552 773 780 221 62 699 48 204 823 822 836 212 93 133 119 394 617 250 61 626 191 903 171 646 469 584 915 798 106 204 427
47 35 921 383584576
959 134 656 560 116 867 974 512 836 326 114 883 218 412 64 807 135 402 527 2 768 367 345 939 360 803 631 279 401 706 800 701 980 52 159 749 483 477 217 879 924 836 891 407 333 889 818
89 574 251 251 359 177 754 335 816 519 567 244 304 915 207 319 443 525 772 523 259 756 306 885 952 989 786 509 695 335 684 727 14 240 509 97 3 327 289 869 297 866 779 231 773 516 65
50 23 99595 1000000007
93193 97196 17225 72038 77886 52525 20578 48108 84552 40656 39977 82856 17503 44561 31182 49627 43392 17933 54868 36480 65464 89538 92027 76853 60047 79795 66030 42626 70261 99112 35320 36257 8162 83561 62158 47206 77295 43550 52533 48534 17212 87954 52331 11504 43053 10734 58238 55857 10006 61360
9900 60151 66937 47823 94634 77819 10927 23565 33306 29914 52433 67753 93686 92418 57742 26713 62863 61584 68398 60164 58106 52574 54647 17842 9663 24169 6090 28641 12928 21423 67265 33786 17449 81585 84971 40812 22370 97969 37408 8971 63440 62136 69524 41195 33199 90577 83888 87536 53284 21193
50 1 32767 1000000007
1 1 1 1 1 1 1 1 1 1 1 1 1 1 1 1 1 1 1 1 1 1 1 1 1 1 1 1 1 1 1 1 1 1 1 1 1 1 1 1 1 1 1 1 1 1 1 1 1 1
1 1 1 1 1 1 1 1 1 1 1 1 1 1 1 1 1 1 1 1 1 1 1 1 1 1 1 1 1 1 1 1 1 1 1 1 1 1 1 1 1 1 1 1 1 1 1 1 1 1
48 43 12 61880179
726 676 113 289 167 934 626 254 485 511 769 935 176 738 646 123 392 369 547 12 355 168 144 227 63 737 651 995 283 470 749 46 170 374 602 366 843 584 702 821 937 8 986 610 118 220 204 893
968 318 634 241 508 119 367 339 245 580 702 883 700 203 931 15 110 515 780 920 362 999 657 541 45 208 806 345 7 878 91 704 87 215 107 512 318 469 145 72 937 909 841 702 434 240 521 126
32 16 754 141813433
102 794 536 654 911 114 983 952 699 760 66 235 136 662 66 803 206 147 498 216 551 44 336 201 911 91 937 773 1 853 418 240
912 410 115 223 967 320 565 963 241 589 480 681 526 243 808 275 217 872 448 790 481 955 24 502 316 127 74 852 432 132 824 437
49 18 758 975382935
768 516 333 217 267 26 501 539 987 723 774 986 430 944 721 249 240 335 896 188 340 330 606 525 881 608 388 385 153 350 645 32 391 518 952 24 442 820 625 843 148 475 345 369 720 955 340 889 3
623 866 808 909 851 172 590 399 432 800 591 361 114 571 422 330 622 965 765 392 699 728 760 869 492 258 702 328 968 472 996 285 727 348 963 414 280 944 723 924 795 861 151 2 558 144 933 129 751
16 7 129 444715291
471 556 538 99 509 675 141 828 465 977 262 757 563 519 949 446
207 264 707 526 659 736 665 786 363 823 840 901 363 985 107 607
33 4 751 62959602
264 708 146 157 150 187 431 694 458 355 122 240 231 758 71 702 975 813 918 191 856 262 566 540 259 383 485 404 218 168 346 546 940
917 264 437 365 522 663 419 605 828 993 808 465 382 401 855 640 745 373 882 619 4 978 5 471 191 152 874 665 603 352 483 345 464
50 50 100000 1000000007
100000 100000 100000 100000 100000 100000 100000 100000 100000 100000 100000 100000 100000 100000 100000 100000 100000 100000 100000 100000 100000 100000 100000 100000 100000 100000 100000 100000 100000 100000 100000 100000 100000 100000 100000 100000 100000 100000 100000 100000 100000 100000 100000 100000 100000 100000 100000 100000 100000 100000
100000 100000 100000 100000 100000 100000 100000 100000 100000 100000 100000 100000 100000 100000 100000 100000 100000 100000 100000 100000 100000 100000 100000 100000 100000 100000 100000 100000 100000 100000 100000 100000 100000 100000 100000 100000 100000 100000 100000 100000 100000 100000 100000 100000 100000 100000 100000 100000 100000 100000
16 12 20 688002828
942 534 113 378 956 212 173 39 313 306 970 452 856 12 118 172
999 553 684 869 672 915 379 954 957 856 586 89 582 229 532 421
44 38 777 689659376
767 980 158 890 158 16 281 99 428 330 460 486 974 691 27 138 418 854 895 876 574 743 715 479 585 839 623 977 169 77 511 870 952 264 267 659 133 322 845 243 725 649 936 643
105 876 313 571 456 477 453 446 52 888 234 354 223 270 274 494 309 983 852 475 22 679 438 224 1 449 477 125 659 921 744 452 664 465 226 334 359 569 600 32 98 686 90 806
22 22 920 563785736
809 460 804 445 638 134 749 769 869 398 721 779 345 834 681 204 96 408 512 866 569 774
507 867 975 564 11 874 759 33 430 624 802 252 689 393 135 908 568 795 626 809 550 202
20 17 846 898613367
239 137 487 804 244 624 474 532 1000 601 837 656 571 730 327 730 807 205 914 75
282 853 748 925 103 129 91 653 895 123 788 122 316 872 8 633 53 170 17 639
23 18 953 505084424
418 839 614 396 887 579 319 924 79 74 646 450 273 169 69 318 269 617 337 993 856 735 139
352 276 161 527 788 804 144 495 420 631 800 660 642 876 37 656 747 718 189 623 970 855 107
16 11 331 29849871
340 536 671 499 397 400 356 980 888 564 712 934 112 10 857 404
4 748 972 337 17 859 59 615 964 226 551 649 599 595 565 357
49 2 260 86907653
659 789 886 257 324 365 115 42 947 652 66 715 23 79 431 81 65 774 621 274 839 569 658 272 971 244 890 884 295 289 810 113 885 944 692 845 796 108 116 203 455 125 829 428 135 449 104 671 765
134 598 845 193 481 56 997 753 642 2 526 822 245 203 355 878 789 919 798 583 409 791 476 860 931 379 981 446 74 754 424 548 544 646 352 358 223 377 645 444 361 396 1000 767 932 331 216 64 855
8 1 305 131757558
443 935 645 367 488 536 508 315
314 670 569 202 984 403 582 231
25 10 518 584867583
583 543 903 547 802 110 328 654 816 630 397 255 321 340 380 72 422 947 822 4 585 178 425 806 928
911 734 800 266 154 721 572 348 321 404 296 65 201 975 124 383 168 69 390 882 306 669 109 278 350
8 6 773 782983355
510 141 160 487 155 783 880 329
377 221 687 80 818 480 609 912
38 22 254 560828725
813 194 452 958 914 997 229 381 205 958 821 204 511 182 113 534 111 50 580 625 853 633 378 357 690 999 749 131 541 911 726 254 342 706 920 454 559 874
522 981 548 981 232 760 766 138 764 834 318 348 795 636 500 447 962 557 722 143 262 420 697 484 810 885 847 250 717 926 532 299 546 765 788 358 372 646
50 12 32059 1000000007
77966 88668 9201 26995 47659 54635 3084 16105 101 6283 76421 16153 49138 97863 48673 20625 84279 68525 68136 21969 43452 53093 80332 61493 76663 69773 5228 72912 68551 98660 85683 44108 46557 45602 90772 53067 47018 35260 45764 67099 85844 89165 40885 69987 28470 15258 37743 50185 42031 61625
94698 93663 40095 73606 54296 78786 88116 38780 91267 56483 45832 80259 54052 12104 62591 38685 51551 31952 61051 14158 13958 9045 99949 52396 60126 9988 60219 28571 99171 90013 45055 6006 79840 19890 84022 78688 76311 81454 29415 68307 83793 7693 62553 90801 52570 67414 39811 96958 11151 6025
6 2 551 682687847
449 552 616 779 882 688
36 712 59 902 312 723
11 2 349 401154299
554 200 421 348 192 611 710 439 271 699 739
1 577 267 619 572 827 723 429 27 724 588
16 9 733 865257307
686 751 106 691 796 856 115 896 464 845 783 304 361 140 797 567
840 772 559 673 238 770 388 170 221 545 293 493 635 908 220 390
14 6 503 252505985
844 811 120 493 699 829 144 871 95 823 138 817 695 198
472 219 330 912 288 99 726 888 489 487 908 454 438 700
28 9 72 64372960
53 80 100 382 913 767 506 105 309 592 820 23 923 80 450 344 663 788 750 903 451 979 943 866 147 264 514 294
814 747 49 681 56 508 735 987 679 751 868 299 506 739 121 729 732 135 303 457 353 69 927 374 616 929 932 327
1 1 1 5
1
1
21 17 778 349188837
629 456 850 615 27 20 656 608 333 466 493 318 826 72 915 300 442 566 775 670 984
61 83 913 312 251 870 659 459 84 696 442 67 58 329 735 939 172 897 978 306 196
47 13 80 267189127
33 133 819 954 800 630 731 598 879 338 266 992 805 493 978 684 210 79 259 618 870 179 51 177 745 350 398 681 521 209 941 628 190 307 376 122 662 709 173 323 435 262 588 120 227 366 775
531 221 352 243 203 999 433 826 413 113 792 469 421 178 516 463 21 720 561 673 779 299 268 552 989 694 526 466 69 943 576 267 321 654 776 92 462 252 617 125 686 523 344 300 695 737 828
31 17 924 209518763
502 541 950 268 57 386 866 972 700 653 921 406 895 270 990 471 139 141 597 151 719 883 180 41 888 92 49 560 303 776 344
930 723 673 866 831 96 903 77 621 48 872 403 926 416 459 109 269 291 116 471 338 509 749 826 227 696 402 576 873 800 729
48 18 373 161810108
475 383 788 799 513 950 247 675 425 454 137 293 968 920 123 169 405 97 301 180 274 766 887 989 444 962 507 85 805 563 350 188 695 895 775 742 365 243 728 781 314 189 989 389 48 60 852 592
658 651 20 831 286 708 311 258 185 1 725 487 845 678 12 778 67 367 519 595 116 976 771 731 652 621 898 965 714 639 214 763 494 350 722 958 486 461 329 645 431 925 737 776 516 583 243 521
3 2 1 127
3 2 1
1 3 2
14 10 216 324568168
390 818 394 783 916 318 801 855 259 731 279 263 512 133
62 462 535 602 723 491 523 904 761 871 629 183 762 561
49 31 935 207449349
983 997 690 756 472 745 944 383 137 598 809 515 224 327 634 634 256 453 141 709 576 600 547 321 899 852 790 928 396 816 983 674 802 374 939 728 136 505 749 982 165 838 918 282 922 742 937 309 840
246 981 899 199 832 392 834 321 493 606 940 887 10 390 528 849 453 425 216 137 585 465 620 499 456 320 254 580 450 988 495 971 744 381 733 503 155 618 318 269 729 506 907 578 111 650 748 161 370
36 22 990 555088382
900 111 916 426 90 733 672 867 990 728 732 395 877 331 44 610 13 819 957 370 833 599 253 729 738 300 346 673 274 739 753 782 344 728 464 939
254 986 561 405 923 224 757 727 456 263 698 63 864 718 167 197 974 641 204 527 783 299 40 606 343 735 680 879 98 448 457 24 688 136 109 341
50 21 220 167791929
386 660 714 142 514 569 51 492 454 772 177 643 358 90 727 633 954 142 524 148 113 534 631 446 150 260 871 4 151 594 928 863 166 963 775 134 198 542 82 176 267 735 798 693 702 73 656 491 476 80
437 134 415 277 244 813 290 976 181 350 575 806 392 929 775 485 4 816 655 972 169 72 698 135 329 173 985 273 339 898 901 427 329 355 357 920 531 694 821 677 419 635 966 449 568 830 27 13 657 272
50 10 832 682757682
647 125 675 799 150 531 234 866 378 992 758 867 169 625 521 419 829 685 981 776 859 522 908 957 240 884 875 801 565 328 325 305 14 461 291 41 573 827 911 501 216 795 101 963 69 278 884 183 987 485
223 490 109 733 81 401 885 49 626 871 674 540 829 768 922 269 56 589 582 65 681 768 67 435 72 97 627 89 409 300 176 84 632 14 572 8 32 514 811 498 711 563 574 29 427 471 380 254 187 57
39 4 170 692318401
582 804 347 987 617 38 966 715 945 740 353 267 595 802 187 333 58 750 20 929 569 790 153 418 733 689 875 35 17 743 521 699 681 380 137 798 683 608 231
169 479 560 746 691 624 137 624 812 847 362 421 699 807 27 38 31 135 141 629 1000 95 556 173 23 279 280 184 701 202 433 336 552 836 473 601 253 330 744
39 14 938 446616226
538 516 109 582 510 394 474 151 208 484 571 996 966 73 542 338 194 442 840 930 708 418 852 633 495 323 728 602 279 56 322 401 65 1000 627 384 142 80 433
876 78 681 722 940 306 875 252 389 401 344 44 822 572 50 127 35 648 835 855 164 496 337 624 112 215 467 957 991 141 434 667 491 558 849 515 606 492 312
23 12 507 229932030
451 972 110 398 574 226 369 36 768 964 491 166 713 174 950 708 351 969 275 112 929 81 244
857 351 164 441 352 993 844 809 528 46 427 244 391 149 263 100 343 700 829 914 900 477 242
33 33 543 827759952
192 489 296 889 277 358 442 451 501 45 421 626 295 967 838 272 71 530 201 444 811 658 41 959 800 551 259 963 288 262 726 410 94
637 23 522 787 718 751 932 553 1 705 54 235 582 648 79 459 207 639 870 318 561 102 167 490 216 740 326 70 5 30 748 330 152
29 26 568 743005540
669 877 815 227 95 73 947 375 674 446 112 9 651 596 364 599 531 214 817 525 341 29 323 181 999 888 681 926 403
301 191 60 853 702 292 532 562 852 980 735 994 874 868 79 293 145 75 538 862 547 885 959 126 482 810 627 667 974
27 6 560 586380020
251 622 27 872 557 892 103 548 705 486 476 982 24 881 156 535 778 738 389 685 607 200 127 241 662 346 904
872 135 728 429 795 152 500 668 851 697 67 562 88 472 584 975 609 538 953 567 176 962 368 386 341 581 871
12 1 343 35580154
606 400 26 548 758 770 695 165 130 626 207 535
799 667 81 949 773 944 932 358 902 592 765 438
42 24 231 259889753
514 268 784 374 346 89 878 903 519 881 308 257 66 346 468 60 543 896 375 261 935 806 698 942 480 934 845 165 690 818 7 180 604 405 835 1000 49 598 789 321 707 95
833 406 721 789 127 981 214 868 114 974 131 799 295 276 595 550 965 1 596 970 319 72 422 191 542 614 352 301 723 984 681 941 535 759 615 915 57 693 377 817 765 134
38 7 473 627752718
136 453 66 746 634 12 563 549 228 488 64 603 274 400 255 169 763 76 918 891 369 366 219 583 821 302 330 589 143 241 712 80 664 632 517 8 453 361
656 53 63 641 88 501 443 360 669 499 480 931 311 666 239 831 77 558 12 50 13 170 584 333 927 244 830 155 787 141 240 567 714 976 956 403 600 805
50 26 73476 1000000007
53730 42670 82640 97055 66458 35006 78 78383 72094 10153 35356 2703 47164 60875 16912 59698 19686 79021 53779 33361 56200 34196 5009 67967 8419 69465 58322 8903 58300 63257 37808 75827 10115 66613 22591 59743 33019 8903 94770 16610 98497 81342 55021 34222 5817 44771 27661 62250 57561 537
88482 12110 21521 94892 11435 83947 38341 68315 61165 60372 3325 62959 43520 75421 44873 96765 52294 40224 42964 75851 39608 17447 59702 68556 30730 35863 81097 30051 77014 27303 66581 94308 93880 57233 73605 39856 66478 17149 28282 80300 39810 75521 6995 86853 58989 57447 11068 80047 98985 74660
2 2 345 103530741
918 793
692 54
50 16 95152 1000000007
31688 49828 65747 10007 51380 78568 69616 91176 65833 56810 76213 19066 24705 42995 53478 80727 94585 11167 3575 29147 30775 97147 86423 90964 62519 35651 75997 94411 920 61563 78650 64770 77225 25402 43488 71077 97032 29641 55447 26191 58820 25808 69297 2879 56091 95159 86527 14176 41731 57269
17813 7785 61489 30564 9443 46473 43713 37011 92479 1866 70757 73051 85515 95343 41040 35962 7127 61098 87915 51925 48940 41424 87764 8784 67858 24907 68887 88128 36319 88814 92388 81747 9087 76959 77270 52748 26577 29811 16975 71427 2978 55342 67891 34270 77180 80048 71290 59027 35477 81495
16 8 108 856112197
500 777 247 993 601 618 791 240 214 98 726 794 284 275 291 286
415 29 725 513 793 144 30 315 604 102 813 80 795 560 198 625
44 38 213 141537482
519 61 378 712 710 744 602 84 561 933 15 301 926 577 37 149 470 857 235 64 35 461 694 331 59 714 923 842 789 678 299 244 500 210 226 474 26 591 984 813 141 642 899 200
262 541 542 18 123 804 108 119 942 112 11 604 856 255 237 515 891 350 656 599 63 377 773 105 878 207 832 415 367 396 798 193 621 201 582 612 914 948 928 344 394 244 587 623
28 3 679 802965641
733 733 904 609 306 240 291 394 290 248 424 748 741 129 496 983 863 348 930 741 797 331 879 336 515 280 752 595
958 163 925 749 489 550 134 286 857 398 265 288 689 88 784 91 638 699 96 266 557 620 698 697 221 499 723 281
36 20 233 745521640
76 363 302 557 183 92 604 651 455 39 402 621 427 207 859 886 918 724 153 971 549 46 748 944 472 353 310 451 691 699 565 58 74 780 60 942
508 117 677 672 316 556 126 533 751 50 243 874 860 662 19 672 118 511 901 271 545 903 513 666 327 30 802 570 372 439 921 321 914 631 892 759
26 4 27 423077750
454 745 667 849 93 924 803 550 1 809 716 146 853 506 412 655 140 426 940 126 128 175 332 780 848 915
915 906 40 422 705 932 74 482 229 774 294 53 799 932 379 1 282 660 284 260 270 152 576 32 561 813
47 47 694 225166956
899 995 208 761 62 698 6 203 16 874 756 365 969 676 579 15 578 38 445 798 606 240 631 744 175 884 24 961 797 421 433 781 353 617 939 284 615 700 485 560 895 62 458 920 867 417 101
775 702 543 497 962 237 763 416 741 761 778 492 476 805 739 307 596 817 229 196 82 775 837 547 327 722 974 543 109 110 59 446 471 949 577 898 180 455 579 714 991 732 284 837 938 416 131
45 34 410 468673736
950 34 560 941 434 828 816 217 605 646 304 559 717 991 38 210 410 577 686 774 336 412 815 287 142 90 150 957 877 968 735 417 193 856 189 536 806 147 695 3 607 657 853 437 455
868 87 768 885 135 146 946 124 936 808 654 548 233 19 583 150 548 662 721 515 597 916 653 711 418 223 291 312 805 993 618 223 552 125 989 304 765 538 937 974 471 652 91 407 705
29 5 513 719304673
342 314 671 423 547 630 5 403 791 447 789 800 640 865 924 536 856 262 285 614 300 29 899 406 662 820 104 109 193
631 363 403 457 863 35 813 470 517 902 349 897 468 803 756 883 776 676 563 578 891 395 387 910 591 131 952 107 793
13 6 848 577397415
953 121 550 613 46 460 184 536 887 660 932 821 762
380 596 156 433 743 126 224 109 131 797 624 463 752
38 21 638 466037868
288 414 863 885 465 109 174 631 777 325 771 980 166 828 332 8 647 843 506 492 73 578 612 639 718 475 763 618 821 495 121 54 373 581 54 114 300 487
420 339 945 325 984 323 709 852 180 956 624 116 897 656 518 224 131 547 254 194 957 964 717 948 743 999 587 260 130 173 231 204 545 156 780 950 937 94
12 6 142 342810318
566 964 42 528 876 429 236 611 640 305 685 29
994 943 480 375 9 95 801 429 199 737 711 607
50 25 93456 1000000007
50 49 48 47 46 45 44 43 42 41 40 39 38 37 36 35 34 33 32 31 30 29 28 27 26 25 24 23 22 21 20 19 18 17 16 15 14 13 12 11 10 9 8 7 6 5 4 3 2 1
50 49 48 47 46 45 44 43 42 41 40 39 38 37 36 35 34 33 32 31 30 29 28 27 26 25 24 23 22 21 20 19 18 17 16 15 14 13 12 11 10 9 8 7 6 5 4 3 2 1
45 32 343 689368945
244 355 492 574 932 808 778 789 598 959 327 556 608 116 599 119 15 347 187 315 378 524 15 328 416 655 324 105 366 948 446 666 208 82 464 346 670 298 12 974 904 878 854 133 704
951 607 59 830 566 280 459 783 151 600 437 879 223 605 31 907 200 942 210 935 538 510 120 953 419 426 163 5 765 114 448 494 711 747 72 475 325 877 104 673 474 316 936 111 377
42 12 375 99453245
770 244 955 593 294 590 213 86 947 439 6 770 996 450 242 701 394 615 640 608 837 743 212 492 675 805 444 563 102 220 536 863 854 607 524 895 820 751 405 589 583 91
75 250 631 686 161 26 922 722 27 330 231 252 966 337 779 263 490 692 622 775 381 837 633 120 607 737 434 164 978 781 944 885 498 931 371 831 519 796 479 852 515 659
4 3 377 324544883
395 614 907 213
901 204 226 754
5 5 463 507340685
979 840 188 797 86
76 97 782 683 75
35 11 43 992978408
840 203 111 49 880 252 329 771 892 572 947 112 630 299 671 246 334 61 356 377 298 390 982 696 332 950 813 821 339 145 851 685 272 642 359
694 484 497 655 547 937 592 90 806 406 866 767 452 498 182 153 878 602 311 397 229 963 651 781 984 914 739 801 982 758 253 200 13 316 105
12 10 249 841084596
192 87 966 452 482 3 143 638 303 213 338 183
744 825 904 564 843 95 131 967 54 484 103 474
44 19 687 360568615
892 641 857 500 436 207 909 182 206 162 117 267 908 67 647 97 291 940 600 903 712 856 4 892 768 674 512 499 600 796 59 402 324 439 653 458 559 493 464 685 823 24 646 734
170 889 670 733 394 90 548 358 518 85 750 907 257 892 720 583 693 294 615 329 263 195 63 506 783 375 492 658 442 682 206 990 818 545 303 164 842 563 498 809 164 803 322 991
30 18 542 410735190
66 956 780 407 374 835 104 274 209 841 855 279 913 585 166 745 961 777 308 696 808 749 498 851 342 761 960 927 847 119
28 30 456 602 134 776 145 421 663 961 503 890 46 608 878 903 658 397 54 387 271 756 891 706 710 809 14 517 804 368
50 29 68008 1000000007
97733 35864 3450 85906 61503 75457 38706 60319 11130 57835 69558 62238 30503 61559 52657 74987 66022 99191 30710 28669 84648 73791 23611 24905 34384 3708 53286 40201 38322 262 70367 50111 51074 59134 61109 56951 28269 18981 74519 57079 81505 36066 61282 69473 93713 41096 94619 85765 81340 88824
55097 70978 91739 88013 54193 80244 72012 36309 7843 96846 29098 54586 80126 60741 32449 66772 26063 11900 27640 42483 49322 94596 58570 71620 30334 88793 3487 20215 60422 76308 38919 29438 67415 32252 73112 97314 466 70007 93779 26835 54140 23395 32895 79467 13724 83354 87824 16580 96061 28456
19 11 142 104742867
777 840 354 488 698 525 534 328 610 522 452 431 396 220 796 271 872 327 634
780 737 249 356 372 315 17 618 128 533 384 319 522 918 702 866 491 434 273
41 17 860 763159545
125 711 502 378 474 545 28 344 968 509 671 794 951 557 150 207 10 809 450 652 798 534 235 732 955 478 909 674 192 23 6 269 147 837 636 299 57 50 544 254 348
253 686 120 995 806 272 369 726 946 710 148 437 171 834 888 9 211 841 365 42 391 724 706 177 446 649 875 229 983 607 3 301 279 548 656 969 295 782 287 130 183
2 1 185 430195493
823 708
918 305
44 26 251 209569959
27 447 710 29 412 828 867 575 242 373 963 722 653 312 603 66 311 107 274 69 129 487 153 968 608 488 377 782 80 430 921 592 983 795 78 711 297 32 722 696 971 543 372 639
791 992 758 534 901 814 93 1000 699 895 483 239 524 639 900 514 507 902 548 153 744 744 196 329 67 85 377 308 744 201 738 689 892 83 534 5 679 101 312 403 729 422 211 419
31 31 606 141363083
820 890 970 406 998 558 181 33 80 512 756 608 211 229 852 312 406 907 24 955 561 514 702 437 56 159 655 741 55 702 669
792 696 543 720 128 562 86 855 839 9 846 149 231 475 305 149 633 37 884 81 877 599 577 911 327 36 901 322 479 650 852
20 2 9 268665070
690 806 906 360 109 221 22 538 583 765 397 741 735 153 473 822 999 551 337 651
902 476 772 939 199 46 641 782 40 23 718 759 32 192 861 741 604 757 783 517
9 1 627 29561591
674 409 653 952 139 174 650 981 164
135 244 220 849 899 61 758 357 321
22 5 726 832928690
878 303 848 472 719 373 747 937 740 886 507 27 217 945 381 479 632 402 696 70 653 424
828 71 175 373 47 182 919 802 89 504 100 879 898 297 168 544 842 850 839 322 518 16
41 10 951 326377176
15 479 208 114 632 709 474 307 943 176 693 150 867 919 711 444 999 73 691 739 257 621 226 30 536 178 615 667 575 983 936 397 871 586 316 818 259 743 401 651 215
792 72 270 234 879 78 407 90 865 782 583 656 289 687 84 484 368 748 473 712 428 206 958 935 506 168 730 372 577 382 330 452 226 246 581 134 862 124 567 812 978
31 13 36 832166326
12 827 38 333 13 134 386 19 305 482 443 615 335 989 892 515 624 289 330 128 933 698 810 80 624 778 181 18 416 476 546
424 80 33 519 283 912 328 643 740 949 181 823 869 380 758 227 663 701 901 452 37 329 696 702 56 147 250 743 805 818 390
