100
5 5
225 851 623 313 486
289 366 21 90 828
278 129 661 380 671
619 337 115 550 713
780 877 684 272 556
3 3
825 176 34
947 650 712
294 280 755
10 10
755 680 466 542 85 347 825 159 467 325
875 1 805 253 184 419 502 473 862 619
415 454 799 217 13 871 197 803 108 118
795 484 890 106 479 766 818 141 893 230
720 774 540 517 391 308 389 773 217 745
593 868 430 655 308 366 380 617 742 554
491 127 950 182 32 242 345 147 461 947
906 556 801 528 446 696 736 619 762 895
390 11 127 659 437 251 559 435 901 976
550 251 657 926 879 728 915 882 111 733
5 5
618 65 246 233 41
58 148 671 164 705
943 22 797 582 397
976 910 879 782 748
934 357 797 117 213
3 3
788 627 980
626 619 830
247 278 671
10 10
772 268 263 814 660 858 202 59 729 48
874 184 406 567 264 888 476 453 343 434
548 311 184 360 450 665 701 977 157 162
706 43 2 33 738 570 215 556 395 485
633 103 132 162 760 556 57 783 916 327
69 52 896 616 319 337 104 336 314 9
646 123 13 947 192 984 471 365 542 435
777 77 237 678 948 294 301 865 640 82
414 484 123 946 350 224 8 515 399 72
615 707 26 664 653 133 263 146 516 587
5 5
181 888 564 378 327
726 532 85 903 947
776 262 203 701 934
834 237 567 910 145
57 491 492 149 508
3 3
944 243 541
758 643 479
793 296 370
10 10
711 320 193 441 222 570 879 984 397 838
39 995 522 814 944 730 383 52 865 341
879 697 423 70 867 825 484 955 595 310
823 451 937 449 523 665 156 238 295 265
389 971 75 520 407 157 902 617 644 825
522 18 308 417 482 697 559 11 531 494
257 782 76 457 145 853 627 588 704 266
96 744 410 306 144 500 67 729 398 950
836 696 384 822 932 77 326 269 561 161
592 793 574 610 963 184 87 161 507 990
5 5
566 47 658 767 619
126 35 568 332 352
629 114 244 418 473
458 831 884 97 840
51 636 367 504 672
3 3
638 156 731
310 625 671
311 117 588
10 10
682 233 863 786 567 870 926 807 57 212
917 653 841 237 433 675 840 75 832 196
242 765 277 399 376 677 398 607 181 399
506 426 859 667 177 950 38 456 535 21
926 12 622 240 143 859 756 596 128 87
304 82 851 102 872 560 209 242 240 28
55 75 18 495 489 236 50 496 261 834
280 713 401 824 374 391 690 949 788 421
294 956 394 235 475 826 307 952 440 601
383 339 798 73 924 666 17 214 156 865
5 5
131 537 925 496 738
9 1 291 493 873
443 897 356 219 967
372 613 941 835 945
588 976 141 97 757
3 3
892 248 826
860 192 734
719 486 686
10 10
733 568 391 955 496 556 231 430 914 213
920 373 292 835 507 334 23 807 469 21
170 714 183 111 388 883 281 532 381 965
651 449 84 321 236 839 365 850 243 238
697 670 757 127 915 86 357 279 161 192
842 202 58 951 65 453 703 419 26 477
196 796 197 449 248 372 37 215 655 251
175 441 242 261 404 393 522 537 207 556
46 496 961 176 799 433 916 425 307 692
715 751 528 448 230 37 883 966 98 206
5 5
125 169 213 165 906
786 512 10 821 599
744 309 116 817 721
902 830 907 840 290
892 292 609 687 822
3 3
32 958 825
401 469 424
978 687 656
10 10
680 558 697 434 614 386 878 890 576 248
669 888 280 470 958 368 205 421 952 153
317 815 720 668 170 950 57 257 733 666
19 30 332 95 210 969 70 747 135 387
34 72 977 748 939 595 919 927 544 99
116 483 820 407 282 950 654 192 349 477
495 677 172 280 574 294 447 887 602 27
322 827 28 132 141 632 681 863 662 149
961 83 188 341 113 179 994 101 429 232
712 562 762 629 373 161 790 876 589 910
5 5
301 769 444 987 407
924 238 332 651 938
960 454 580 281 829
271 32 656 518 113
677 481 812 795 888
3 3
949 834 113
765 836 945
401 284 276
10 10
498 304 508 446 106 171 970 269 882 400
23 417 241 317 467 207 856 851 332 99
79 248 390 850 398 589 328 476 977 906
179 801 206 52 614 960 530 228 652 96
410 236 622 459 691 103 294 26 375 905
712 554 264 556 914 231 166 18 65 567
131 566 908 331 340 816 106 88 335 648
894 766 530 702 451 47 302 716 648 199
271 32 954 846 747 649 165 999 831 118
751 765 102 427 848 841 723 593 930 418
5 5
580 156 170 261 262
886 985 724 209 715
591 857 760 579 837
498 198 433 233 964
151 675 342 432 327
3 3
819 930 645
727 406 445
262 702 536
10 10
691 50 690 419 756 698 511 895 977 116
86 313 623 965 74 687 64 357 399 62
567 423 174 405 15 909 508 56 645 34
602 299 585 117 119 221 342 560 359 123
554 413 578 132 300 774 909 361 252 477
895 577 638 35 163 13 918 169 723 7
676 680 121 864 124 399 622 509 454 740
581 484 237 277 385 567 44 694 425 307
273 691 626 834 582 731 521 770 107 229
984 460 538 483 417 947 412 559 526 182
5 5
83 330 238 228 376
743 628 875 78 788
872 362 715 392 42
357 796 282 137 530
196 743 516 644 496
3 3
14 587 703
339 974 655
613 87 512
10 10
750 917 654 114 525 504 653 677 688 497
300 477 871 207 84 853 505 18 519 192
461 744 913 462 757 972 458 246 821 842
663 913 369 234 182 261 988 363 757 705
559 144 182 575 300 820 459 775 769 932
957 242 629 998 742 486 846 706 676 348
730 455 364 32 837 851 6 50 619 388
467 401 591 509 486 585 711 166 449 48
387 927 509 951 896 502 902 566 603 607
340 913 386 887 956 104 515 959 885 267
5 5
294 841 36 908 891
882 100 700 367 614
661 749 857 8 678
447 997 302 133 797
434 560 844 383 875
3 3
830 153 254
272 61 871
857 45 674
10 10
343 952 942 351 415 556 764 514 359 222
561 150 141 592 787 831 713 962 103 475
844 364 806 215 37 612 303 477 614 790
8 468 679 768 165 881 244 986 788 338
652 932 139 975 20 823 392 414 847 962
591 549 603 995 400 77 78 225 214 280
129 925 327 362 449 998 82 684 890 23
122 40 103 609 609 459 692 538 200 205
697 329 88 350 560 437 431 2 683 701
206 118 852 372 193 46 760 202 542 820
5 5
224 395 116 93 136
945 954 788 125 76
220 181 954 181 29
663 125 411 984 676
22 544 369 565 262
3 3
459 995 661
469 927 293
468 990 446
10 10
99 176 313 808 322 63 908 691 205 401
436 712 711 630 292 154 353 296 1000 257
276 475 423 130 186 343 203 134 671 983
511 732 325 894 772 201 645 492 490 523
303 431 88 574 515 790 945 914 204 7
509 181 839 992 237 256 763 17 284 88
639 278 939 683 22 871 765 426 821 623
287 269 332 526 894 691 625 7 505 586
92 18 806 803 58 888 820 420 595 300
785 226 828 640 314 102 87 739 185 795
5 5
450 592 679 1 887
506 331 444 8 376
897 86 808 278 242
703 621 952 688 5
952 200 794 150 939
3 3
850 490 457
781 204 132
950 230 184
10 10
810 130 453 311 91 715 549 175 665 237
136 507 936 114 144 992 74 248 589 460
120 810 127 382 319 979 562 285 125 557
956 885 7 528 397 218 377 591 685 57
779 739 892 539 917 257 825 637 881 942
376 848 12 923 659 119 849 717 165 238
672 557 549 484 210 907 919 524 272 643
687 451 583 512 736 664 685 343 639 855
902 911 485 967 345 112 173 85 810 336
304 860 56 46 391 916 833 835 225 757
5 5
831 587 462 278 146
849 891 877 451 497
326 197 171 473 979
153 670 849 113 37
524 634 255 657 677
3 3
12 701 149
932 66 785
178 931 411
10 10
733 348 492 111 555 771 676 97 138 488
809 193 498 406 820 418 184 457 55 209
736 938 556 449 754 996 185 324 320 503
570 548 355 940 467 664 913 958 260 605
822 729 1 463 451 311 807 64 831 74
147 666 990 936 99 331 902 5 119 127
978 165 455 968 889 526 843 974 889 410
276 822 615 615 164 236 850 315 333 377
457 477 178 46 106 130 278 4 829 828
980 222 872 477 174 201 374 630 187 754
5 5
109 465 724 596 228
552 727 564 717 176
238 656 992 495 96
260 424 191 331 953
900 79 720 422 655
3 3
752 937 15
714 566 306
1 773 988
10 10
736 532 149 119 670 144 527 637 400 549
473 117 167 159 357 657 10 569 118 206
379 159 449 501 597 634 979 436 410 685
409 271 289 696 945 24 177 309 604 213
649 802 892 779 295 560 410 680 303 63
902 844 616 212 425 133 890 722 86 504
581 927 961 837 57 911 683 463 490 993
419 912 182 563 250 57 307 841 281 524
558 146 779 164 84 907 171 948 717 53
416 121 205 955 365 331 30 348 89 125
5 5
76 526 684 781 680
750 963 604 222 606
634 349 233 938 751
522 687 649 824 942
410 135 485 155 55
3 3
303 106 148
477 728 904
325 844 428
10 10
253 373 719 224 428 9 431 988 803 92
292 714 750 485 640 101 248 605 663 906
595 861 267 714 295 868 827 900 296 288
370 180 104 140 216 425 383 45 412 508
874 174 336 168 59 312 316 678 59 856
549 152 238 944 684 785 521 199 984 547
900 913 303 717 999 156 731 337 745 299
835 541 275 235 774 503 300 462 689 91
338 233 109 842 931 622 900 804 54 245
362 395 492 211 394 12 600 262 684 525
5 5
669 116 167 280 404
278 24 87 314 448
14 580 954 455 59
622 930 961 923 15
937 265 64 746 537
3 3
563 621 637
371 341 932
210 687 744
10 10
33 35 828 227 715 823 863 863 589 557
792 922 951 122 640 51 184 438 87 639
942 570 313 850 442 76 348 482 235 886
182 591 194 266 492 751 433 787 844 961
158 581 449 859 853 421 87 93 194 499
691 531 717 548 206 306 519 376 511 762
141 752 78 942 262 491 614 431 58 689
698 273 212 359 724 653 312 627 288 274
693 44 737 609 999 332 833 18 321 426
36 275 521 458 33 762 138 396 854 184
5 5
605 137 81 867 788
456 347 723 417 20
41 155 802 226 480
580 550 443 732 816
149 648 55 600 848
3 3
226 579 871
108 783 601
148 166 58
10 10
370 43 766 615 603 200 212 308 203 340
51 330 244 500 282 168 665 415 191 861
250 798 697 391 975 454 132 78 355 535
771 668 793 426 928 551 578 824 540 46
661 420 144 791 277 696 41 777 154 696
748 242 42 516 33 464 608 185 959 448
673 547 819 914 494 14 596 697 367 302
321 699 343 760 530 29 222 51 289 253
578 24 543 356 965 254 505 818 693 776
914 429 474 766 90 363 267 911 833 590
5 5
104 101 360 569 985
225 291 727 611 74
348 718 647 278 1000
763 746 990 77 422
253 488 550 710 540
3 3
176 993 854
493 543 497
522 238 124
10 10
94 864 536 4 668 942 824 314 581 539
38 781 646 507 335 327 6 126 343 994
657 621 187 301 408 166 401 323 790 727
960 706 188 794 503 713 66 514 665 21
968 203 645 856 904 517 155 315 345 505
576 272 514 83 115 152 558 910 584 869
18 286 286 991 581 533 786 461 444 305
243 71 769 929 575 659 604 479 529 740
500 185 686 297 415 868 946 869 580 649
409 409 97 275 544 717 913 275 363 472
5 5
18 911 553 937 412
248 84 213 348 154
189 844 528 397 685
251 366 568 524 813
936 973 62 800 293
3 3
645 198 660
105 558 52
162 683 593
10 10
539 672 682 795 998 347 250 948 695 940
244 846 832 416 878 851 847 482 647 828
746 405 517 986 935 468 921 258 63 29
517 648 894 783 25 878 875 879 848 971
78 678 996 497 48 841 413 871 452 772
955 232 883 411 309 41 794 893 909 328
370 779 662 342 736 777 467 103 309 109
521 367 729 270 725 211 487 243 895 484
810 206 816 925 566 105 703 178 655 899
369 615 341 41 145 293 537 586 698 788
5 5
544 672 998 755 274
373 88 632 374 279
589 313 291 749 1
152 684 193 413 872
333 656 833 300 617
3 3
846 326 401
420 892 944
634 83 677
10 10
896 342 482 702 234 785 322 566 379 905
72 920 421 684 463 32 320 461 970 808
965 291 835 675 329 955 68 347 166 839
794 982 85 118 737 995 544 204 530 566
730 912 87 644 68 755 146 560 196 409
961 817 404 781 400 76 622 546 344 884
679 188 490 877 288 629 682 995 921 504
671 889 874 316 906 61 698 260 563 761
414 134 1000 318 143 846 74 924 968 794
344 475 578 753 811 340 262 132 622 784
5 5
907 240 781 896 657
564 958 923 17 743
449 385 591 131 874
93 391 67 716 202
461 844 967 153 841
3 3
8 392 439
968 189 586
748 233 74
10 10
3 143 291 335 783 860 617 180 941 898
522 757 120 643 699 715 134 914 174 757
947 960 612 252 25 826 58 603 488 477
1000 115 632 84 573 445 994 490 542 328
963 184 906 197 63 880 450 738 374 383
364 425 296 219 285 221 849 945 46 905
277 712 121 509 331 82 330 442 479 487
386 613 673 4 834 842 725 299 986 158
202 268 407 342 350 473 808 963 595 754
38 846 898 2 188 276 484 686 17 524
5 5
730 532 834 699 855
212 323 588 491 335
190 589 295 686 209
853 381 181 603 65
596 663 121 965 619
3 3
383 379 78
513 798 583
602 365 511
10 10
893 539 319 504 95 360 737 430 912 584
791 488 591 161 659 848 727 65 474 307
212 841 225 311 477 687 906 5 775 259
145 14 82 230 218 889 953 782 50 848
184 52 12 378 607 977 128 466 945 760
823 486 807 316 820 856 422 423 72 640
194 137 918 510 779 68 584 338 341 433
502 166 96 805 233 599 744 137 979 234
89 405 646 872 41 366 461 700 211 262
458 210 855 993 454 124 796 113 109 474
5 5
114 593 807 240 776
725 308 903 676 432
229 872 602 796 67
821 705 457 920 551
111 346 572 934 559
3 3
419 113 615
766 86 376
686 649 143
10 10
66 847 349 897 44 70 976 451 654 981
407 984 247 81 85 177 153 243 335 224
344 998 271 922 108 457 396 52 636 181
781 825 280 90 450 53 33 487 978 679
961 775 14 304 825 467 300 505 941 663
497 851 110 269 505 830 420 831 704 858
840 975 989 614 394 502 479 541 933 726
308 61 309 667 865 991 9 923 364 719
187 983 591 712 691 894 338 202 381 603
583 64 428 174 42 360 459 883 225 913
5 5
142 291 829 137 25
829 622 312 309 497
298 505 517 376 975
22 782 258 736 794
231 242 943 343 669
3 3
43 209 502
812 252 455
760 950 907
10 10
561 579 525 186 455 578 360 480 716 79
634 803 792 762 990 784 737 793 544 51
950 757 663 460 967 121 413 22 304 741
632 592 321 73 746 526 182 624 584 960
208 443 567 405 745 105 426 693 689 701
296 505 946 735 770 961 941 974 904 438
638 75 884 482 390 695 922 943 776 376
717 892 927 643 527 822 368 533 102 379
591 855 490 799 200 731 240 382 245 168
735 475 302 206 5 545 455 355 329 933
5 5
963 70 452 665 419
226 890 338 520 682
446 564 610 285 76
927 540 397 246 125
581 401 876 216 858
3 3
457 382 732
310 228 246
899 25 865
10 10
594 411 898 387 300 464 264 247 725 617
923 769 92 653 882 834 209 846 831 931
195 555 387 216 776 473 946 763 763 834
852 141 106 41 795 485 660 265 110 84
482 29 114 192 877 244 198 440 275 552
110 480 751 966 383 167 132 357 942 255
433 186 858 730 906 531 671 387 660 201
210 850 611 824 853 380 94 12 614 130
75 361 394 724 806 572 832 583 627 321
96 478 148 543 908 642 853 499 675 1000
5 5
496 781 281 532 729
298 967 102 846 541
530 510 844 87 950
414 151 99 683 222
513 147 641 917 163
3 3
257 330 540
319 211 707
649 662 729
10 10
728 859 164 595 717 446 33 998 735 382
825 242 60 494 662 465 420 961 46 695
797 871 15 179 323 728 48 166 71 560
599 41 540 61 677 158 314 345 757 772
515 509 762 677 144 871 588 931 359 382
580 124 606 753 737 274 53 587 743 978
258 424 171 589 696 459 310 803 933 714
127 308 841 378 433 700 275 655 866 796
977 29 396 291 453 329 565 357 821 569
72 283 850 937 383 328 262 485 646 951
5 5
248 130 222 852 33
474 954 220 490 717
877 656 1000 182 660
672 39 537 678 628
992 791 469 930 541
3 3
36 114 352
630 719 95
205 606 314
10 10
250 893 318 988 211 847 456 410 828 270
631 854 283 358 907 596 126 127 148 358
759 130 195 59 67 105 644 997 842 678
948 203 514 667 927 415 910 388 503 643
29 151 327 153 478 818 178 778 553 784
956 650 833 71 530 805 793 828 58 534
219 80 293 19 529 368 244 525 625 12
755 723 958 524 65 543 684 273 674 938
139 669 745 783 266 208 637 921 700 549
491 854 983 301 717 9 972 168 994 667
5 5
788 678 24 327 68
256 306 929 212 159
428 145 684 883 214
162 371 198 998 686
342 348 651 236 194
3 3
571 260 541
395 446 783
424 23 683
10 10
410 963 474 632 918 747 571 19 309 148
190 769 811 231 629 999 954 994 158 145
614 515 417 409 429 123 144 538 601 763
368 726 137 325 842 383 468 575 386 904
989 807 755 900 669 757 685 415 990 699
545 174 871 674 418 180 98 345 424 532
199 283 699 169 347 437 570 842 616 218
656 598 77 607 707 852 449 953 105 111
691 897 495 401 646 764 671 853 777 514
462 302 94 405 758 323 959 882 872 866
5 5
431 637 140 869 697
178 235 90 423 565
267 690 957 379 471
480 643 426 764 659
874 777 241 882 231
3 3
481 817 302
734 875 951
994 816 612
10 10
205 154 712 137 1 16 113 147 378 339
507 531 200 228 482 578 986 511 978 792
172 359 994 875 201 903 400 617 942 372
926 117 174 125 363 679 210 389 451 761
504 938 505 80 629 827 174 686 317 466
905 949 60 143 202 565 564 86 517 258
608 68 164 821 593 55 6 913 661 226
528 739 190 204 257 971 582 739 835 550
98 56 67 898 855 837 729 398 690 120
479 353 206 766 899 460 916 227 308 256
5 5
705 453 26 121 666
609 738 301 147 346
690 441 616 462 998
788 478 425 241 590
578 21 266 882 117
3 3
454 335 826
120 501 290
267 742 165
10 10
191 620 50 780 991 698 462 539 352 997
933 593 440 724 453 489 290 966 591 522
726 345 53 613 60 657 613 704 477 81
212 670 410 340 20 440 82 977 885 167
570 353 178 618 775 8 584 652 440 69
939 217 654 404 542 476 969 153 808 289
359 853 804 268 767 876 109 848 751 604
371 373 668 224 553 820 200 824 103 761
145 490 52 387 428 233 929 609 837 791
446 12 745 673 333 482 288 370 489 222
5 5
220 222 666 248 276
797 81 470 276 948
109 234 495 286 638
429 744 562 854 205
752 67 181 293 716
3 3
405 443 596
980 750 51
716 944 484
10 10
464 677 720 674 792 41 726 994 579 389
161 75 806 139 671 267 602 10 785 518
819 223 727 385 717 477 351 963 265 252
49 423 440 759 550 535 837 471 282 660
477 563 140 422 716 508 989 920 319 126
542 430 994 445 357 120 943 775 436 667
672 686 203 200 600 883 122 49 284 629
114 232 252 280 182 738 797 607 4 180
687 186 477 317 161 411 769 159 984 779
282 242 863 18 145 587 225 482 934 180
5 5
756 76 861 936 979
222 299 724 863 489
132 460 65 415 389
900 69 557 728 693
442 557 79 462 14
3 3
297 64 667
881 22 200
52 627 225
10 10
319 977 765 225 307 200 435 181 526 40
39 675 487 754 939 44 40 168 67 315
260 49 25 153 187 197 788 557 381 63
751 140 985 876 609 227 17 374 315 846
607 611 540 403 260 43 685 48 654 549
816 393 767 666 647 163 727 350 343 92
512 602 572 584 92 729 604 457 681 792
741 899 225 405 929 175 126 233 649 462
926 152 938 915 4 337 270 906 565 174
562 188 618 240 690 54 376 977 686 680
5 5
469 532 19 360 614
179 974 414 898 769
129 584 544 55 388
780 764 55 361 469
950 997 557 578 52
3 3
58 914 232
847 554 757
845 180 934
10 10
150 341 26 618 390 225 312 65 713 472
5 50 606 664 872 212 427 376 428 704
42 514 431 436 883 964 147 464 445 506
607 188 179 923 350 212 900 5 901 407
789 690 461 116 319 415 650 331 564 192
709 553 493 633 216 633 633 963 515 986
646 138 24 869 187 819 787 356 26 622
857 697 973 684 404 166 85 471 247 346
263 382 760 977 641 936 988 321 676 662
339 817 880 432 225 638 140 351 933 236
5 5
623 802 458 939 819
530 133 713 122 4
871 7 968 68 888
519 161 938 468 674
22 171 432 475 135
