100
5 5
822 345 22 985 486
699 654 892 898 415
18 807 892 625 602
370 293 517 651 682
900 413 110 908 165
3 3
894 983 192
197 759 429
825 412 550
10 10
866 949 106 964 482 744 210 577 23 462
848 12 651 616 163 359 557 959 626 938
666 443 949 930 988 831 821 324 90 346
258 729 913 988 963 869 516 988 804 991
237 544 95 297 953 985 925 383 692 177
998 78 178 396 860 529 183 521 308 412
243 549 276 833 591 386 775 602 160 961
43 525 335 637 634 469 791 799 479 845
550 900 470 53 700 207 96 438 121 712
816 560 345 440 999 213 393 172 324 318
5 5
133 287 579 526 683
938 294 232 43 19
551 221 426 488 551
689 228 873 844 736
663 697 230 911 457
3 3
335 116 995
519 890 714
121 399 888
10 10
37 883 428 479 940 586 560 694 755 630
75 825 726 101 356 749 673 596 723 472
309 660 572 653 350 546 367 890 431 944
527 936 797 421 172 458 635 41 118 922
974 467 986 741 894 899 974 155 77 171
329 704 669 69 86 418 273 836 543 737
645 639 720 468 675 695 892 290 500 476
127 310 224 937 513 697 937 582 192 661
322 927 22 864 696 197 761 305 233 725
675 887 799 854 308 61 634 187 698 891
5 5
767 12 615 15 856
656 217 838 711 625
884 40 292 191 675
634 196 320 740 75
502 22 48 265 250
3 3
773 940 81
290 503 108
298 415 494
10 10
502 81 595 9 597 303 804 428 810 11
52 223 76 437 155 194 34 792 942 866
622 818 117 364 628 927 899 664 831 843
549 853 275 520 602 220 587 341 284 268
581 17 615 560 5 573 911 242 581 793
824 18 185 593 633 673 530 652 742 995
52 872 1 385 846 422 428 243 168 533
539 846 95 399 374 59 479 545 568 919
753 611 245 431 803 819 93 762 396 603
419 789 272 11 972 198 79 882 599 864
5 5
378 288 484 685 36
58 806 679 709 887
856 461 871 394 457
113 10 43 526 416
523 210 623 625 363
3 3
480 736 628
780 416 763
170 660 498
10 10
791 262 269 420 391 131 829 580 164 109
356 237 65 255 787 601 31 610 361 29
27 134 346 440 569 580 854 977 959 87
326 106 156 698 721 259 570 390 718 967
452 277 778 43 352 356 938 45 710 31
362 123 439 846 946 772 352 843 838 265
67 915 653 636 550 131 463 570 755 393
343 504 890 166 964 20 486 895 947 180
456 332 937 330 863 87 845 76 687 590
479 909 195 429 383 747 240 823 756 601
5 5
199 156 452 296 220
488 887 955 808 188
947 530 660 395 852
3 717 89 213 113
832 374 822 871 883
3 3
635 560 970
389 794 390
532 731 293
10 10
675 441 794 289 975 649 714 126 349 193
476 528 626 950 900 837 628 660 883 415
966 916 285 828 298 942 963 859 330 991
700 775 717 184 561 491 406 644 975 165
705 576 63 417 222 464 872 510 619 612
456 263 902 11 521 654 217 129 108 258
135 14 788 952 274 687 603 58 261 403
912 518 605 729 29 561 953 995 499 832
562 309 138 353 877 566 455 625 633 820
16 158 1000 444 364 949 856 59 289 535
5 5
834 324 294 971 514
829 694 420 5 756
437 23 457 30 349
990 150 290 324 84
330 854 791 349 901
3 3
761 794 362
25 572 207
673 594 902
10 10
177 716 844 285 4 996 131 963 640 289
453 836 738 637 312 15 431 254 832 733
855 596 359 949 71 803 965 330 878 496
38 768 806 447 262 142 817 513 173 664
478 791 119 780 864 767 66 547 333 488
941 929 119 800 600 87 986 71 867 292
330 352 491 77 631 805 863 439 414 281
700 430 918 353 404 698 858 42 853 860
401 980 537 485 704 788 288 708 118 795
933 229 237 989 410 164 531 451 504 42
5 5
821 867 922 366 413
511 284 704 342 881
974 192 5 42 242
278 445 795 655 503
779 465 818 262 190
3 3
225 549 798
88 453 227
212 406 168
10 10
413 708 735 195 413 85 183 959 590 224
30 637 964 149 642 723 43 791 281 909
619 624 956 308 949 417 78 447 68 691
194 985 225 988 131 483 351 965 980 70
292 250 472 914 901 60 983 418 37 771
735 814 838 216 505 431 364 480 325 381
558 710 532 824 849 886 724 921 263 418
386 612 303 174 71 24 446 690 216 734
744 191 8 182 575 950 87 572 790 411
302 257 970 988 698 252 78 942 632 93
5 5
139 169 837 101 459
298 525 360 103 356
925 98 626 585 217
869 407 849 676 231
591 382 175 808 704
3 3
18 486 880
828 775 603
304 821 890
10 10
557 622 785 113 912 319 978 538 949 119
725 233 97 481 501 474 677 865 391 885
83 796 804 780 709 239 512 262 276 598
511 677 115 864 180 509 495 691 264 138
124 846 22 145 609 857 289 786 941 231
689 841 55 625 102 58 197 59 22 399
231 292 834 501 608 431 945 730 410 239
580 955 381 857 758 826 143 739 21 291
914 756 176 206 114 552 689 438 330 935
209 110 564 773 989 130 707 795 70 403
5 5
444 167 596 103 388
258 206 715 998 698
749 677 390 286 491
501 835 277 594 568
662 218 226 826 580
3 3
54 422 808
839 327 621
793 625 502
10 10
505 93 881 927 902 847 289 132 930 426
957 254 896 894 499 920 60 171 400 708
640 385 856 256 570 720 144 78 933 556
757 448 404 366 761 408 866 766 992 579
729 198 584 480 464 924 439 207 295 440
672 107 383 592 849 327 585 946 970 711
743 181 279 521 589 805 668 405 429 470
195 189 963 36 824 191 448 154 879 576
938 102 730 866 396 981 149 405 167 698
642 380 278 50 921 850 597 947 24 828
5 5
166 985 947 931 760
927 858 865 566 805
939 394 570 451 154
221 53 986 372 978
87 458 973 556 454
3 3
1 890 320
673 833 733
723 43 104
10 10
730 94 587 975 749 255 621 75 247 199
826 501 633 481 661 673 640 898 674 900
474 965 899 716 602 281 412 614 205 807
227 550 34 576 151 643 184 742 413 141
379 644 442 319 543 368 81 380 207 131
536 87 394 344 210 835 213 168 462 94
205 189 932 128 727 995 89 272 759 526
49 61 842 352 743 550 113 684 249 211
975 900 546 181 899 58 281 198 699 210
434 862 450 389 344 701 568 887 425 412
5 5
542 64 572 741 878
678 190 293 55 378
156 140 416 982 960
764 424 341 262 136
205 939 927 301 85
3 3
863 328 387
929 70 932
55 100 899
10 10
188 402 926 292 2 219 323 420 785 426
715 550 738 575 457 329 192 780 311 363
2 529 885 387 707 964 614 823 690 218
814 959 449 208 255 929 903 220 914 219
719 989 895 891 562 933 624 634 126 186
827 122 664 290 154 690 85 228 500 365
915 775 37 285 490 448 242 518 425 184
105 355 658 177 323 297 635 830 998 492
148 589 971 729 435 288 889 818 149 724
649 631 113 400 964 862 647 121 299 362
5 5
970 720 785 346 865
158 34 735 104 876
543 626 465 672 510
530 989 172 709 14
727 432 939 161 819
3 3
320 510 218
409 586 727
429 522 91
10 10
970 151 361 587 818 643 806 603 432 205
952 484 523 889 978 80 581 807 689 143
214 175 682 231 720 342 535 824 683 517
105 396 884 428 679 176 836 961 981 700
477 93 39 984 218 838 336 732 50 532
828 932 155 496 306 945 563 119 422 703
734 990 17 424 888 206 65 570 952 535
205 922 619 359 521 83 463 142 134 553
646 169 623 135 316 777 985 900 240 97
767 381 367 794 684 397 94 151 146 485
5 5
521 378 350 693 175
1 77 142 957 143
550 768 750 478 827
306 315 549 266 410
129 490 164 568 685
3 3
68 900 267
485 301 565
922 687 179
10 10
726 950 805 320 984 401 115 495 169 567
671 785 784 282 684 332 83 344 804 489
793 518 289 381 126 966 788 590 992 442
563 39 190 498 242 223 360 778 940 741
277 1 561 80 681 825 572 857 504 160
606 36 654 618 155 482 569 196 970 306
343 793 845 571 994 664 236 932 81 541
97 855 975 262 500 754 299 178 477 817
691 133 497 26 593 850 858 334 12 378
306 508 896 626 252 765 758 626 275 487
5 5
793 343 109 404 316
305 724 25 171 622
375 638 142 1000 833
457 986 828 371 197
721 978 874 621 685
3 3
846 347 184
30 528 860
485 837 980
10 10
128 906 402 31 34 578 479 864 581 555
885 976 544 464 121 742 249 845 974 167
517 831 328 202 29 837 762 10 491 247
205 410 447 128 142 179 279 224 983 155
458 456 834 73 184 993 233 366 983 584
649 414 395 475 148 403 738 759 889 321
655 752 589 937 270 820 301 52 687 590
644 492 465 234 167 186 844 626 910 466
994 357 144 679 730 406 147 59 860 888
363 33 328 427 458 935 89 459 56 987
5 5
393 834 344 22 861
606 764 449 185 549
102 328 116 620 111
488 68 92 942 871
391 789 206 847 571
3 3
300 715 655
287 580 563
936 622 483
10 10
280 890 634 864 707 827 136 905 985 202
779 198 699 909 786 746 914 8 624 708
777 461 793 406 338 688 36 56 368 941
282 855 758 112 167 819 837 586 891 620
936 802 138 39 80 11 594 254 696 291
500 912 565 339 271 376 678 893 122 436
990 954 200 549 893 370 674 847 326 941
512 418 120 435 226 781 342 833 879 472
535 764 630 212 19 77 874 472 602 745
328 681 574 417 643 922 778 494 876 751
5 5
114 155 330 970 843
899 40 937 232 713
417 864 578 771 157
499 2 807 44 10
632 153 627 706 705
3 3
373 557 696
258 221 971
282 691 650
10 10
467 437 75 794 998 725 120 655 804 906
902 173 343 926 807 323 754 520 139 1
829 360 849 797 434 475 264 782 286 648
366 184 79 64 725 843 509 272 916 204
17 904 103 40 412 780 918 516 831 797
570 62 106 943 235 298 790 874 821 536
367 657 892 374 604 948 182 579 981 979
946 40 312 106 130 560 959 637 728 866
782 202 240 955 83 938 277 347 424 126
205 661 165 65 159 671 972 548 310 924
5 5
583 559 145 967 526
858 364 939 918 763
113 122 632 517 187
735 733 534 6 877
666 582 628 997 405
3 3
952 915 981
715 131 25
80 50 347
10 10
598 414 454 782 989 819 296 595 209 79
956 328 332 133 29 246 560 181 195 595
465 879 726 204 289 548 663 561 792 50
171 906 701 698 20 594 394 664 695 616
248 875 886 349 445 552 26 175 194 757
987 430 397 363 892 494 536 815 554 610
640 38 987 223 371 825 553 737 95 163
783 409 286 649 969 190 510 621 701 292
566 734 186 120 72 756 820 761 895 54
357 535 192 577 8 524 522 671 96 107
5 5
159 219 454 510 572
144 384 592 630 698
941 281 101 339 219
798 650 957 676 537
83 623 895 885 317
3 3
401 428 763
554 144 730
251 289 226
10 10
732 888 747 614 1000 374 488 698 113 370
129 520 258 168 566 854 818 179 97 173
360 108 2 553 25 353 493 379 249 873
757 339 790 988 900 462 447 661 21 634
561 480 643 396 840 422 328 411 905 967
247 712 619 870 1 635 942 939 77 597
153 472 538 856 641 866 215 721 115 837
390 648 599 162 967 455 277 185 369 820
553 103 302 953 352 22 844 820 988 744
571 146 627 902 348 112 567 894 847 917
5 5
237 460 212 306 780
427 730 260 630 169
369 393 157 942 50
984 502 122 508 882
227 154 549 169 981
3 3
198 963 20
494 884 553
217 844 866
10 10
396 411 294 131 691 263 562 217 910 970
966 808 770 526 737 942 444 12 312 41
774 702 147 123 972 977 151 375 687 919
254 440 586 800 958 52 202 281 198 654
259 681 227 13 133 231 536 641 868 792
575 346 721 678 713 459 207 551 281 193
203 721 791 926 675 831 337 512 241 936
44 238 910 295 40 360 929 254 878 29
524 911 236 535 702 620 562 997 737 775
490 205 953 500 825 993 903 545 430 932
5 5
436 117 881 38 136
87 639 915 359 281
521 692 130 696 620
66 242 942 74 606
27 276 449 857 287
3 3
192 3 950
190 836 68
770 564 432
10 10
189 621 496 545 305 990 322 297 158 915
757 912 188 965 602 646 1000 693 590 302
12 7 722 176 393 867 879 565 898 423
268 196 659 498 793 185 855 379 891 764
296 42 464 582 222 617 682 835 176 160
726 859 594 280 795 576 544 798 194 846
711 321 495 155 700 103 42 550 914 694
541 107 346 617 96 599 158 953 987 403
262 730 300 544 284 617 813 733 833 866
492 225 468 784 423 78 432 290 294 418
5 5
984 766 971 128 950
853 560 285 607 864
171 227 307 455 575
154 431 997 380 141
647 59 510 340 994
3 3
268 934 643
902 486 173
85 245 24
10 10
786 511 692 693 837 722 210 274 210 984
405 699 42 238 770 27 358 252 256 879
510 662 779 367 321 727 428 652 768 262
271 63 385 18 392 521 306 101 194 409
148 244 990 159 121 15 400 803 440 666
706 763 375 322 624 61 994 634 41 712
183 526 853 102 634 314 928 136 253 36
96 251 247 734 999 264 36 740 177 390
711 494 177 51 713 309 332 638 134 337
69 876 603 596 511 383 853 192 182 926
5 5
765 57 893 77 268
603 584 453 507 795
209 663 237 929 645
707 803 547 502 636
499 539 793 599 367
3 3
237 665 364
468 115 993
707 518 204
10 10
754 970 685 932 247 853 477 901 274 357
780 639 226 743 975 386 380 924 355 661
432 105 322 727 994 841 357 980 910 935
525 991 546 750 406 833 974 115 68 784
874 893 135 936 838 582 783 387 981 80
527 925 30 895 1000 813 1000 132 850 792
707 991 106 25 90 836 6 303 203 999
704 691 746 223 992 590 74 500 974 360
974 287 985 956 445 86 737 874 62 961
613 729 266 481 358 559 714 897 359 853
5 5
839 936 567 905 970
285 329 110 223 920
763 992 681 2 671
124 991 522 940 411
987 65 38 701 528
3 3
141 23 426
437 872 541
66 268 888
10 10
79 773 215 498 351 468 844 248 315 65
273 846 777 217 899 42 897 212 957 760
303 787 920 644 133 140 964 227 603 430
777 495 210 116 301 378 725 183 667 524
67 598 918 244 309 322 825 582 405 195
594 656 281 804 40 753 829 779 1000 843
205 858 479 937 663 666 710 588 445 955
515 349 421 321 8 848 925 260 939 180
156 1 992 354 314 500 654 800 661 166
262 438 141 426 378 616 130 836 818 890
5 5
46 679 4 673 79
171 308 219 92 651
438 856 159 401 210
894 225 999 226 354
160 520 763 539 46
3 3
243 346 932
610 366 373
729 786 379
10 10
211 199 339 79 850 289 223 552 864 265
411 530 711 701 455 91 978 309 13 970
837 401 367 47 94 931 371 276 629 957
457 697 444 528 479 986 331 415 736 446
100 714 46 963 284 359 256 541 22 195
941 376 121 40 175 137 926 134 679 313
830 494 176 627 718 466 923 17 334 285
962 441 459 535 120 341 826 177 685 81
48 238 522 950 810 979 439 432 456 980
86 858 43 741 245 970 728 948 728 476
5 5
561 142 737 369 664
154 67 701 365 91
557 642 568 734 778
89 369 282 179 831
258 270 343 947 274
3 3
386 206 473
438 865 631
916 831 501
10 10
320 248 108 505 91 742 93 667 557 527
855 236 382 348 528 869 967 657 129 416
612 440 734 556 447 965 250 224 277 852
493 17 981 531 468 701 598 819 703 167
567 814 818 814 251 462 45 318 31 9
917 943 561 444 783 690 262 401 469 455
224 944 619 591 926 46 252 786 458 405
64 710 353 602 471 977 424 234 399 580
675 484 332 492 605 67 78 333 982 824
207 393 178 731 16 624 74 336 705 885
5 5
513 718 855 656 165
792 155 316 451 397
226 591 336 418 2
392 377 813 786 661
251 322 360 114 448
3 3
490 770 457
541 764 31
531 497 645
10 10
676 163 538 847 382 855 40 510 428 6
710 601 714 219 956 207 451 447 284 375
238 346 912 196 878 144 408 307 753 863
417 88 17 452 242 732 155 215 917 271
541 295 912 65 57 93 840 787 986 231
700 891 89 484 341 957 415 335 628 592
880 643 492 842 557 74 196 397 13 711
701 973 413 571 410 221 611 128 918 523
582 92 91 850 634 70 844 737 372 157
448 296 7 619 970 585 103 834 409 336
5 5
824 194 839 691 328
375 242 498 627 865
489 416 112 626 587
782 100 28 727 465
631 240 28 55 73
3 3
150 516 966
340 195 108
418 685 72
10 10
580 406 975 674 817 310 173 197 466 365
627 685 129 752 766 813 59 349 125 164
297 697 797 128 236 118 778 42 543 526
339 799 634 133 848 244 419 843 304 692
208 193 998 817 696 922 468 932 141 606
878 659 189 545 195 204 155 110 248 659
99 678 178 184 994 955 829 248 416 50
847 383 128 335 874 178 542 22 525 633
992 315 62 529 837 76 420 915 785 650
887 842 905 317 568 918 204 109 844 354
5 5
796 392 463 381 660
923 526 991 242 286
866 801 633 951 520
138 63 330 387 857
759 21 391 225 914
3 3
374 585 29
405 550 235
589 132 888
10 10
388 927 754 188 683 405 423 37 64 624
223 340 841 769 61 582 655 963 670 396
158 508 311 528 505 648 330 984 260 691
418 419 248 654 893 532 274 504 851 73
161 600 593 34 40 552 790 62 961 974
151 883 874 745 92 335 540 847 488 301
781 607 733 60 452 847 899 292 531 590
237 42 967 97 905 628 786 687 901 533
859 656 923 832 243 939 764 47 832 408
498 830 767 713 506 269 45 609 828 379
5 5
998 859 930 137 678
515 412 778 864 758
369 421 962 527 252
678 906 272 834 482
431 13 300 873 313
3 3
454 735 40
326 339 552
427 453 28
10 10
942 432 908 197 666 39 633 346 446 767
674 682 723 395 999 71 798 690 185 867
494 532 727 970 901 716 922 537 370 936
280 973 191 267 475 628 483 43 330 325
266 700 206 251 516 773 193 197 574 870
54 247 970 381 58 601 764 116 840 283
780 724 735 727 115 56 698 208 102 347
871 170 778 22 249 171 140 643 273 545
979 144 942 685 656 148 804 327 688 117
643 749 613 675 336 207 218 102 376 413
5 5
805 661 896 368 814
675 416 198 933 137
830 374 77 337 443
13 2 573 290 543
718 35 643 830 695
3 3
215 615 287
133 478 355
337 311 741
10 10
66 92 378 747 200 645 173 46 757 877
552 312 972 640 28 998 957 935 436 725
301 478 758 519 300 152 81 255 422 135
286 14 237 171 454 404 856 394 393 739
3 698 830 918 57 143 859 555 390 913
785 312 187 705 95 985 491 641 232 802
576 998 915 897 761 259 852 246 68 145
370 318 985 205 450 337 102 190 438 385
867 253 964 697 333 943 653 527 394 180
154 799 11 786 694 345 352 738 297 197
5 5
795 244 3 563 130
911 478 334 446 169
217 4 909 872 325
785 634 260 188 80
64 42 553 143 336
3 3
875 515 699
771 624 220
931 288 644
10 10
382 211 624 435 540 545 449 792 489 81
623 888 1 385 603 669 758 952 244 303
919 796 522 706 615 548 658 2 301 971
453 815 199 74 969 978 534 158 14 573
167 1000 789 459 654 795 126 864 562 645
496 494 243 800 584 214 46 32 296 658
388 970 522 455 428 454 830 239 280 698
743 477 435 361 704 859 792 755 773 478
223 218 795 840 788 765 491 714 682 217
593 2 365 795 237 749 846 270 195 667
5 5
810 296 376 776 686
255 554 286 118 658
886 998 242 283 664
965 592 583 191 144
961 301 251 180 372
3 3
272 607 324
163 581 99
53 218 75
10 10
244 629 246 139 692 298 909 634 747 183
563 485 5 467 445 437 903 95 956 751
555 468 897 713 818 933 175 490 770 615
844 490 997 799 971 29 184 33 804 9
909 641 329 417 488 505 623 548 710 523
205 318 665 141 314 738 342 131 513 274
164 423 202 697 403 222 17 346 331 247
47 626 438 369 742 398 79 851 123 875
481 125 495 372 668 674 768 345 22 638
578 891 491 805 442 426 781 352 758 972
5 5
195 361 17 186 325
758 821 337 113 763
353 443 933 990 683
116 987 478 20 859
23 373 790 919 736
3 3
471 848 933
898 52 705
223 855 411
10 10
323 530 749 432 76 98 674 178 400 627
848 402 950 905 902 921 492 389 624 413
537 27 274 246 704 97 411 935 389 266
626 790 147 836 239 393 557 540 530 269
145 167 491 15 641 159 734 445 51 636
95 157 671 560 566 750 236 258 25 173
498 335 780 934 592 182 747 19 370 283
38 764 97 206 298 51 936 987 580 475
201 203 367 709 327 735 315 795 336 495
370 136 638 568 279 147 910 855 161 631
5 5
189 133 814 418 874
285 345 242 314 75
205 291 910 513 283
405 675 478 587 293
161 512 534 570 298
