100
5 5
826 835 668 434 253
723 871 920 872 296
879 659 961 619 942
565 544 673 945 446
702 416 643 923 217
3 3
617 582 28
20 775 547
768 62 706
10 10
623 531 126 255 518 653 840 20 299 17
60 220 87 405 155 82 495 344 87 26
569 839 310 213 453 788 490 971 608 900
858 414 707 937 311 693 516 959 984 203
213 130 551 351 224 110 825 228 997 163
952 317 867 337 852 104 918 65 28 215
698 299 812 236 174 385 166 475 474 520
29 732 735 868 370 512 195 911 598 959
26 719 60 487 61 837 479 49 130 418
262 224 129 551 413 379 329 878 160 250
5 5
833 312 564 76 736
37 446 973 926 690
137 359 353 685 93
197 417 240 746 357
85 826 194 429 584
3 3
348 357 383
686 82 96
870 93 88
10 10
732 224 536 934 339 151 575 712 595 294
409 984 716 240 323 324 311 586 309 836
90 307 985 611 653 107 934 686 973 907
708 623 529 491 91 456 389 681 428 5
362 936 984 482 501 410 466 158 115 923
767 59 951 356 361 698 165 874 215 162
124 66 521 623 220 177 637 637 515 600
864 788 614 646 227 891 945 905 243 114
223 579 31 420 389 39 873 216 607 487
410 123 898 474 520 915 243 426 924 347
5 5
964 104 782 703 65
395 645 141 567 389
135 858 812 463 427
662 69 214 570 43
30 395 834 642 801
3 3
169 362 404
613 491 858
725 30 296
10 10
9 140 800 982 98 718 81 844 77 243
579 962 172 662 491 445 190 778 713 478
279 846 944 543 638 62 657 929 747 849
920 372 777 939 608 627 816 683 633 825
468 828 159 625 728 970 683 677 228 463
460 943 821 449 569 569 691 158 973 263
561 343 575 248 293 460 368 399 168 504
684 89 289 782 389 347 524 652 146 922
583 304 151 759 756 783 925 240 144 526
949 642 169 763 153 279 653 857 93 771
5 5
634 987 399 802 95
383 272 636 847 234
984 271 659 468 105
799 792 407 19 539
18 845 926 508 188
3 3
594 822 115
830 193 852
635 389 573
10 10
712 20 553 625 907 690 188 280 54 901
231 193 290 40 618 645 761 161 665 932
469 481 642 191 295 647 368 657 612 483
572 216 624 99 266 920 604 933 321 280
852 970 61 896 398 878 122 535 147 954
176 17 777 766 419 388 988 913 762 898
574 395 285 308 971 332 630 75 678 844
116 95 527 996 511 167 993 652 587 263
653 474 676 52 389 348 110 148 133 884
350 529 722 863 536 208 394 18 782 261
5 5
848 179 179 526 858
104 34 948 933 195
709 763 140 651 986
23 483 994 985 852
274 776 544 531 10
3 3
534 211 921
408 117 205
885 852 166
10 10
595 646 980 696 746 988 64 294 285 382
480 771 591 338 681 993 841 962 871 971
777 786 337 517 898 871 386 810 752 177
907 446 328 44 733 682 507 740 10 115
367 537 992 384 506 84 799 749 837 600
122 848 551 808 338 971 381 156 587 180
531 404 841 159 404 586 730 465 439 685
285 126 712 717 17 753 957 757 173 410
415 295 762 138 111 207 819 400 660 582
740 783 195 392 447 471 373 915 602 399
5 5
999 285 620 375 701
447 216 356 304 788
495 240 908 456 309
427 982 772 584 273
695 637 999 489 483
3 3
909 699 526
809 809 763
957 655 944
10 10
543 98 220 221 898 367 780 753 625 814
829 930 642 753 553 830 574 948 681 785
64 304 788 907 843 245 118 240 126 444
765 196 462 73 322 160 335 139 975 108
16 554 503 646 331 819 339 800 728 413
428 929 871 988 330 724 626 113 28 829
131 87 842 95 596 224 428 751 539 336
374 32 501 738 166 519 351 886 532 766
547 392 57 154 351 11 488 221 291 490
557 625 613 925 77 561 126 123 67 321
5 5
684 288 259 455 479
759 558 362 646 162
268 538 922 540 305
580 670 934 154 502
639 408 591 997 866
3 3
710 388 55
603 56 245
445 762 150
10 10
36 613 820 162 881 254 700 137 31 462
516 441 675 262 260 763 403 817 96 469
431 10 791 224 214 248 701 996 818 964
126 939 738 980 479 275 372 123 626 744
111 441 959 795 358 850 823 821 457 908
194 561 59 771 547 377 749 181 973 200
872 425 54 831 825 545 305 594 583 202
361 746 953 494 391 755 208 378 951 902
565 128 681 631 181 226 884 533 427 560
661 736 184 246 847 728 293 742 504 120
5 5
996 942 523 315 157
139 422 998 196 906
224 760 942 26 968
984 407 302 120 58
27 211 180 277 923
3 3
273 777 809
760 853 546
977 514 417
10 10
882 100 479 525 458 730 409 193 345 940
154 844 199 416 134 518 655 993 854 509
1000 125 339 42 257 990 176 328 792 365
330 98 960 819 749 523 410 302 65 428
633 992 507 791 219 715 411 808 826 275
575 307 872 105 445 42 496 509 79 518
400 216 735 362 90 463 537 164 645 91
860 488 472 465 840 986 606 276 320 816
975 14 355 640 523 904 245 573 164 702
20 148 303 420 364 85 938 941 548 733
5 5
765 961 317 61 607
987 725 133 219 820
881 837 465 217 551
266 63 133 302 654
120 748 212 627 548
3 3
119 906 730
717 307 936
906 315 100
10 10
877 38 393 150 919 950 781 840 913 613
750 42 368 264 304 797 665 79 555 324
958 508 521 772 513 764 802 858 96 82
16 302 685 153 359 716 880 384 316 553
323 919 846 21 541 722 870 493 834 158
406 301 824 224 915 521 192 485 673 891
619 671 123 246 504 964 707 835 480 689
114 962 345 568 268 918 203 540 94 914
948 417 116 606 87 225 937 139 208 90
252 890 176 772 243 371 512 460 840 423
5 5
298 222 186 596 793
193 999 844 621 104
579 972 293 292 341
303 256 437 846 523
553 178 759 664 260
3 3
681 306 533
194 360 689
964 239 625
10 10
438 713 888 341 401 308 611 782 70 289
437 333 843 282 751 795 133 869 317 635
907 535 835 608 561 322 698 722 543 315
943 742 514 64 550 428 278 172 843 252
477 196 706 809 985 408 880 200 776 271
777 802 125 86 917 634 418 137 960 125
276 416 72 498 258 304 594 639 505 168
148 497 404 635 579 143 785 217 813 230
296 289 770 939 890 758 945 834 121 900
357 219 170 672 753 86 963 137 245 911
5 5
923 214 295 769 789
697 877 323 931 284
270 681 400 593 862
838 208 807 489 810
388 988 709 978 390
3 3
95 273 334
585 552 143
630 174 742
10 10
109 845 778 492 593 730 801 314 589 108
640 895 14 427 356 979 96 223 79 190
16 806 845 528 324 446 269 572 250 479
574 341 678 787 793 591 930 53 998 477
750 676 267 814 531 998 505 270 326 819
10 992 211 390 996 14 788 756 856 363
268 83 734 4 47 576 567 363 357 237
547 245 565 408 468 228 203 932 204 900
120 8 987 109 263 530 245 660 694 134
384 359 696 916 639 654 78 867 369 492
5 5
234 195 682 510 801
52 820 498 272 662
23 591 873 391 548
61 275 775 51 276
362 899 964 838 332
3 3
37 465 166
605 88 721
499 671 428
10 10
766 303 99 573 510 795 916 471 626 875
677 554 218 852 6 430 327 626 858 679
756 377 228 484 225 996 799 107 665 520
623 371 405 179 313 261 123 589 122 997
608 723 921 903 856 908 885 277 931 322
551 348 614 966 940 353 419 87 759 458
335 616 794 794 170 563 100 990 125 304
609 825 44 311 441 98 280 264 915 300
392 389 791 712 679 924 275 475 721 752
848 413 609 474 532 162 113 619 161 8
5 5
157 228 682 185 157
465 343 887 279 71
653 637 694 880 205
376 99 801 362 739
952 833 990 918 156
3 3
458 507 168
144 83 379
87 950 255
10 10
473 357 828 832 651 612 539 200 924 613
856 225 720 926 151 941 509 193 634 239
129 872 93 293 23 764 289 170 751 66
287 696 163 93 404 110 41 154 41 47
449 78 435 628 894 755 452 174 414 89
543 277 84 567 619 927 317 41 402 132
705 15 278 533 519 757 209 478 334 587
155 29 783 926 597 55 715 328 425 399
987 271 470 945 9 863 89 854 774 216
428 140 374 719 220 397 346 981 555 914
5 5
400 803 535 463 966
467 347 617 574 524
227 957 337 263 38
20 587 771 64 935
148 99 967 213 639
3 3
698 913 89
856 178 671
508 777 79
10 10
680 644 136 818 745 732 192 689 135 115
459 157 871 802 919 191 643 784 668 680
992 926 315 225 654 634 955 696 144 429
226 109 367 97 533 173 70 972 893 342
551 365 328 48 842 403 32 348 341 892
552 597 30 451 758 332 534 303 439 641
847 886 880 359 443 929 849 273 405 203
588 287 973 399 906 861 100 571 803 369
682 991 921 827 430 689 190 669 246 661
400 996 982 972 492 455 542 101 662 240
5 5
396 957 450 175 572
740 500 60 345 952
341 413 189 955 22
856 280 897 797 717
689 178 762 761 956
3 3
202 815 595
374 820 915
533 740 749
10 10
218 129 928 721 606 406 956 517 426 48
948 687 732 988 6 197 964 846 847 37
710 87 142 517 556 125 460 810 880 615
485 959 880 89 271 181 506 864 380 152
350 290 26 264 386 461 904 70 584 506
286 279 570 426 107 338 434 740 236 474
179 14 635 914 941 290 162 195 206 300
902 27 896 309 599 928 105 595 940 833
875 943 571 435 341 552 76 154 240 660
238 107 446 755 559 601 669 578 171 410
5 5
715 121 631 149 785
423 251 250 551 271
682 726 476 602 308
709 911 526 923 215
429 965 613 939 362
3 3
703 547 180
586 869 357
281 680 452
10 10
651 92 962 556 333 364 656 849 164 262
643 93 88 25 231 521 491 622 687 36
452 274 11 322 990 644 338 259 360 224
563 810 980 547 623 732 854 664 897 131
933 379 544 573 724 439 72 82 352 26
966 759 983 590 606 682 18 788 395 249
708 189 170 887 955 426 651 875 311 667
362 836 316 719 71 881 364 433 368 562
871 976 549 215 776 683 367 597 20 901
896 685 373 821 488 65 577 305 67 390
5 5
735 70 759 673 584
284 987 806 880 292
341 115 480 516 5
166 719 532 521 989
84 659 35 894 829
3 3
180 492 898
388 662 107
34 510 26
10 10
538 454 899 812 427 181 51 762 494 667
59 716 600 65 70 216 311 305 534 133
496 453 461 663 637 586 622 57 911 542
225 434 554 884 537 24 606 204 717 596
13 599 245 766 173 872 976 539 149 407
400 512 239 835 680 981 952 47 903 699
612 158 519 948 78 376 858 715 996 342
896 625 250 513 541 459 477 825 817 926
313 659 597 168 400 31 466 486 922 498
679 926 163 491 819 151 254 21 362 733
5 5
776 72 833 326 328
783 525 940 291 721
881 847 450 879 226
101 665 148 318 381
482 107 11 652 934
3 3
215 263 744
499 900 922
84 108 237
10 10
853 483 967 249 29 165 684 553 364 788
10 197 256 191 243 14 742 553 384 606
100 25 252 867 807 738 375 613 518 30
811 906 93 937 248 651 932 269 812 579
134 552 88 718 192 111 953 998 61 479
533 192 310 238 108 884 627 796 78 947
232 451 244 167 195 18 398 159 712 731
337 908 72 324 117 588 197 975 653 890
761 111 786 457 41 328 771 794 103 595
932 188 281 497 567 634 462 271 76 106
5 5
459 727 580 797 608
961 682 448 796 129
352 953 812 569 450
54 936 445 864 711
325 571 352 718 890
3 3
411 871 37
564 990 25
789 823 1
10 10
715 107 260 288 802 635 403 747 40 378
342 582 246 911 221 123 877 738 794 682
139 678 754 620 989 784 972 859 960 789
386 83 944 346 61 694 30 245 60 12
499 101 254 594 75 808 126 180 97 441
675 904 980 732 319 650 891 110 785 409
14 768 153 827 642 659 696 166 823 584
979 897 582 606 985 436 784 287 458 184
214 197 710 723 573 391 919 236 305 492
444 394 450 798 883 279 91 930 268 764
5 5
733 576 40 546 81
558 17 585 445 390
811 4 888 685 152
717 980 141 807 300
687 91 829 812 767
3 3
756 461 594
424 60 459
263 176 282
10 10
282 57 677 473 611 377 269 281 658 114
395 566 628 641 5 290 899 875 968 267
220 296 866 35 126 417 231 497 440 900
805 685 189 73 733 26 211 970 835 521
921 547 182 12 294 345 364 286 780 169
950 146 382 996 455 474 860 280 407 722
722 956 88 272 565 321 543 219 924 649
323 577 971 979 544 778 166 650 937 849
808 904 138 423 604 124 696 230 861 641
123 585 705 874 972 144 878 234 361 903
5 5
529 797 113 838 311
381 854 535 113 744
178 525 110 39 432
222 406 823 502 207
982 806 17 652 292
3 3
279 302 337
835 312 906
255 11 844
10 10
637 730 600 785 521 787 186 391 840 271
970 930 921 316 816 495 598 286 835 592
241 983 685 660 378 28 692 138 956 930
17 526 86 664 946 940 259 313 207 495
725 507 156 885 385 747 445 267 306 190
945 395 527 768 866 789 748 970 653 572
495 358 468 109 527 78 733 299 101 572
511 980 717 137 426 680 895 598 17 78
184 433 924 474 36 356 989 54 248 645
137 159 51 751 820 535 833 217 569 375
5 5
48 595 184 283 597
596 32 886 33 93
627 824 560 50 215
366 89 809 213 649
605 869 174 500 923
3 3
345 721 468
53 935 488
74 841 928
10 10
462 93 183 454 948 106 754 670 261 633
973 19 562 242 495 858 725 703 456 885
765 211 984 224 800 497 676 222 767 967
846 646 717 494 63 568 182 102 435 99
897 5 401 186 106 937 893 234 632 431
605 585 966 945 329 5 483 596 688 648
203 557 217 910 367 671 488 90 657 28
911 512 410 636 950 530 375 558 716 869
266 508 429 872 231 101 17 359 115 3
225 680 916 782 171 344 131 968 330 489
5 5
996 415 799 458 395
873 296 586 193 644
236 998 186 494 986
267 492 31 761 528
940 424 243 38 225
3 3
753 792 445
568 741 187
970 531 14
10 10
486 765 143 400 795 342 803 432 38 373
396 326 178 15 558 824 708 186 623 809
782 459 498 863 664 712 360 938 96 691
855 885 535 351 849 40 608 120 953 103
551 72 86 786 173 836 273 342 137 36
143 598 731 699 543 215 276 15 327 569
10 789 636 506 377 218 566 527 874 604
128 948 634 523 530 669 88 745 867 187
994 683 398 143 770 9 953 825 865 101
766 803 407 856 907 630 290 966 471 995
5 5
573 740 453 531 801
805 236 315 323 728
576 540 436 432 484
505 899 847 954 497
157 221 822 664 8
3 3
494 785 101
264 546 993
111 529 117
10 10
557 954 29 660 213 812 870 88 46 521
377 308 106 644 377 804 829 917 712 809
284 528 936 834 458 948 233 505 128 881
194 176 531 951 23 504 665 994 63 72
129 918 572 233 173 587 736 427 334 115
320 796 139 540 965 26 990 312 924 185
286 180 536 867 754 62 676 719 537 59
1000 529 350 736 968 713 40 964 49 259
926 662 698 484 178 825 623 60 996 61
628 249 651 875 744 390 887 775 754 629
5 5
208 28 526 590 300
667 625 244 425 915
837 700 418 888 212
568 629 544 649 522
455 279 282 56 140
3 3
241 526 443
313 820 138
690 612 30
10 10
863 593 388 290 694 74 575 694 687 688
225 864 965 625 455 864 307 544 559 421
182 569 14 233 893 470 534 5 612 747
967 789 616 527 528 849 581 270 402 700
133 68 587 315 400 847 73 830 71 927
677 354 34 392 632 913 934 87 853 425
272 194 489 515 852 744 137 134 987 27
769 124 84 880 746 986 331 862 389 409
91 578 582 544 589 686 518 97 205 932
698 743 174 724 292 696 765 657 164 649
5 5
882 725 850 373 382
239 320 32 605 951
558 210 869 449 704
885 119 390 351 416
43 382 293 159 578
3 3
619 121 675
1000 500 900
407 642 845
10 10
389 699 986 18 129 915 600 860 944 648
779 605 978 886 920 903 783 812 121 654
689 972 313 187 12 916 838 73 79 159
761 251 769 931 701 970 311 635 120 604
239 160 171 885 106 932 409 181 211 687
970 683 965 819 921 629 834 893 859 781
752 215 658 509 610 297 471 923 748 329
664 448 812 648 317 517 238 400 409 807
694 815 214 664 586 100 881 922 919 636
975 433 199 582 847 224 309 493 115 201
5 5
270 392 554 543 408
643 827 128 183 610
586 971 354 525 435
239 294 950 603 624
579 965 115 904 536
3 3
289 911 393
540 693 326
226 863 979
10 10
969 655 824 338 406 160 444 824 632 99
487 664 694 967 731 576 206 422 393 816
941 296 314 804 423 900 440 806 629 222
19 156 160 400 441 792 267 21 259 921
101 338 217 900 226 243 586 671 226 520
466 979 882 2 546 927 204 927 57 527
391 849 348 480 369 536 933 610 623 218
979 229 70 163 631 782 448 461 478 341
247 760 107 32 386 858 233 888 774 302
314 808 635 616 355 193 799 703 340 581
5 5
223 938 509 927 337
606 562 767 136 307
642 851 763 214 74
636 550 111 423 776
900 817 256 380 992
3 3
141 711 899
181 753 297
471 159 9
10 10
219 536 11 275 792 658 795 157 410 957
230 936 861 783 99 274 54 336 615 105
949 616 337 434 647 19 690 382 378 68
855 707 782 593 187 930 778 443 773 543
9 316 530 335 860 863 302 279 748 655
761 562 592 592 68 960 231 301 664 685
496 276 224 252 976 480 553 175 516 491
371 701 588 960 282 516 299 15 834 687
731 899 833 427 274 302 317 447 575 118
686 823 46 657 592 842 993 541 564 257
5 5
821 422 4 345 64
381 68 374 49 310
582 836 770 412 912
580 249 210 744 112
130 391 203 693 336
3 3
836 602 492
136 536 19
791 422 803
10 10
905 727 310 154 135 175 92 467 355 164
60 802 336 87 402 739 252 49 77 752
716 972 650 639 635 167 588 717 823 848
541 954 536 38 45 856 445 501 327 351
357 186 386 153 777 20 239 215 644 941
787 346 123 282 137 198 265 819 290 795
548 327 167 482 889 387 273 164 938 927
778 15 670 529 184 870 272 670 846 644
346 132 50 214 673 835 345 455 891 398
923 293 323 853 19 310 189 46 627 998
5 5
947 790 917 509 864
723 489 947 598 625
740 872 982 453 849
424 126 395 129 211
183 677 781 931 752
3 3
436 43 863
976 137 706
301 187 964
10 10
154 174 628 54 342 705 539 394 23 875
416 723 756 960 951 906 784 376 262 396
756 613 227 348 746 494 261 676 116 930
505 391 502 492 946 625 646 441 387 579
897 154 89 310 194 820 35 152 157 842
343 68 102 566 272 691 767 580 114 648
431 489 608 562 126 211 745 728 654 749
594 364 819 749 500 681 757 715 319 516
562 238 660 330 506 846 689 926 732 301
641 84 534 234 771 114 955 945 26 825
5 5
123 92 654 26 608
484 61 639 674 228
38 944 855 366 224
861 505 349 853 700
179 958 807 818 262
3 3
240 656 863
652 60 240
52 905 627
10 10
980 624 231 538 921 429 987 828 533 581
928 568 38 932 764 283 416 680 635 781
833 125 51 111 678 81 181 520 342 848
717 762 477 664 110 744 810 382 161 202
300 988 645 61 323 917 855 445 689 782
738 48 660 962 135 606 15 596 619 508
329 467 461 520 507 894 281 311 325 732
61 748 256 724 345 709 611 819 8 419
434 856 73 496 769 582 589 6 59 765
565 233 330 517 43 101 86 631 632 539
5 5
321 730 775 682 122
746 458 332 336 946
571 905 607 6 776
710 750 855 451 580
267 27 692 237 647
3 3
858 708 441
544 370 672
322 371 879
10 10
199 729 535 59 867 892 271 388 744 675
833 92 575 236 844 516 204 919 566 828
419 732 979 310 411 411 714 976 983 435
243 766 913 808 725 612 309 743 597 345
629 404 539 480 147 995 632 301 355 868
73 170 976 261 123 257 335 355 492 862
126 77 469 843 632 848 65 883 239 207
945 129 132 233 586 258 730 78 372 161
710 1000 376 307 483 307 122 583 398 336
415 462 553 703 210 464 584 678 351 481
5 5
522 828 97 137 373
589 973 689 779 998
531 273 7 909 862
202 581 250 283 632
401 903 999 575 124
3 3
1000 565 356
639 552 882
505 658 192
10 10
937 797 732 827 441 36 454 612 833 854
999 162 992 963 564 210 481 320 622 948
797 297 141 844 76 942 69 540 722 358
375 368 68 64 743 719 144 109 69 493
868 951 440 205 748 573 406 587 663 928
105 605 588 690 292 234 72 918 702 296
296 659 1 376 966 343 679 150 210 709
588 749 535 41 659 494 599 801 196 769
569 15 823 233 381 83 690 468 596 658
617 537 748 412 754 281 812 566 572 246
5 5
177 882 615 316 911
713 788 12 251 381
969 310 272 862 918
682 18 368 85 810
998 655 624 212 64
