100
5 5
65 95 261 658 63
126 499 87 319 938
40 617 247 811 532
537 310 979 7 672
808 516 951 255 198
3 3
381 403 859
985 61 896
499 635 426
10 10
316 853 568 849 369 627 404 655 578 767
974 526 586 620 534 567 428 405 286 188
948 309 77 942 115 259 818 912 594 328
729 95 686 764 533 94 921 592 987 513
887 285 143 682 495 510 583 78 257 529
623 341 266 295 458 69 73 77 559 520
163 316 752 596 414 325 808 532 534 395
37 678 500 615 310 773 223 864 414 720
205 558 844 310 183 597 170 434 870 704
496 327 579 750 498 200 289 43 147 60
5 5
701 3 114 746 108
482 8 931 99 967
201 488 474 958 30
567 542 820 652 53
10 565 540 421 914
3 3
477 590 887
123 55 721
482 329 313
10 10
553 136 221 741 630 282 680 736 281 556
497 868 678 840 920 926 38 957 541 420
397 497 368 581 240 317 944 219 864 882
797 920 187 522 481 536 878 247 738 935
645 274 704 539 33 505 160 649 754 590
7 93 684 434 722 236 776 233 459 462
206 125 349 539 604 847 861 940 991 464
299 32 35 208 753 54 601 771 890 604
645 559 335 770 395 197 107 398 84 461
451 739 367 467 487 456 67 60 174 941
5 5
272 627 213 958 618
466 266 496 343 54
191 232 185 136 282
393 993 398 671 820
853 861 408 180 131
3 3
365 525 301
586 661 558
134 678 105
10 10
973 662 366 385 32 346 563 327 191 161
777 884 565 64 524 82 281 440 967 981
385 393 442 97 381 281 964 516 391 147
385 526 666 438 443 691 425 55 412 521
308 635 946 583 651 500 873 17 607 382
147 419 776 560 491 986 541 839 804 112
633 86 297 295 482 264 849 485 23 928
526 523 65 582 996 479 745 703 984 823
315 365 517 101 246 297 135 447 501 701
221 111 836 72 587 243 854 907 609 445
5 5
504 419 640 6 197
727 424 719 822 519
594 291 865 196 834
141 721 775 565 902
136 28 827 501 267
3 3
416 265 236
994 997 485
354 852 639
10 10
152 995 233 579 3 964 577 4 23 58
839 647 611 230 488 409 20 607 169 446
165 653 358 267 309 857 39 63 210 891
981 150 153 890 910 362 333 885 336 693
262 121 422 157 304 108 258 701 368 917
653 85 662 405 828 953 816 160 926 964
91 294 705 176 566 999 321 172 368 111
697 598 60 188 887 854 298 430 666 550
346 683 982 833 750 389 103 488 168 797
367 611 729 519 787 23 364 102 849 225
5 5
312 16 733 93 490
717 601 606 672 106
225 123 165 282 908
795 397 335 218 214
731 864 710 670 401
3 3
525 713 347
589 599 29
895 826 470
10 10
509 105 307 70 997 966 749 57 69 83
366 722 913 184 82 575 559 609 814 948
748 994 144 627 912 534 897 966 164 629
411 694 693 843 972 160 564 820 155 197
889 623 108 66 20 108 236 269 58 197
611 717 553 328 189 134 419 462 986 196
705 968 10 456 693 790 198 967 92 742
41 300 700 136 930 99 24 339 641 133
200 692 579 461 224 789 232 469 317 158
613 876 870 762 136 1000 805 968 593 607
5 5
741 800 527 587 815
325 328 720 654 439
529 267 13 945 629
528 331 433 928 586
898 930 461 817 255
3 3
302 659 675
857 766 149
358 832 807
10 10
9 670 68 600 676 721 201 128 691 805
443 871 493 864 921 354 125 351 282 24
86 851 146 458 407 558 475 207 921 783
880 746 388 525 140 157 563 672 916 699
658 245 248 337 458 395 965 97 990 564
434 881 549 109 298 467 54 426 468 134
147 482 696 5 264 349 353 55 887 168
831 466 636 631 551 93 92 939 291 442
984 129 75 60 138 304 222 599 928 272
272 582 711 914 501 85 221 843 308 484
5 5
264 257 781 649 459
379 850 974 570 332
19 638 462 834 111
558 544 562 767 670
998 405 960 163 831
3 3
212 947 407
763 181 651
136 934 275
10 10
897 61 205 257 474 913 242 669 467 696
133 228 904 546 144 200 202 935 172 515
75 233 131 103 258 549 944 532 533 61
898 373 620 370 807 653 632 258 933 50
703 54 198 970 311 32 352 656 922 791
250 898 960 456 195 970 993 299 783 625
987 537 280 508 754 545 206 241 205 852
665 39 696 844 618 593 243 485 481 752
657 606 817 633 123 734 377 80 298 738
653 864 883 595 330 698 733 934 113 9
5 5
887 375 719 383 230
998 203 994 22 247
931 659 249 627 668
382 180 266 522 451
236 871 183 135 774
3 3
641 481 10
546 985 897
660 892 35
10 10
992 206 364 401 466 831 454 489 107 109
517 763 739 434 85 297 230 694 249 280
933 997 417 888 486 401 629 652 240 661
933 178 51 398 900 719 333 741 752 130
485 674 957 385 382 161 616 105 809 451
362 712 822 315 499 144 798 965 533 980
85 687 795 334 510 975 199 526 407 405
829 988 426 868 854 658 450 130 722 334
76 952 904 694 549 714 190 587 414 825
728 869 733 133 487 414 112 418 275 253
5 5
549 839 782 252 965
586 705 717 653 618
218 531 97 948 194
656 551 14 353 350
885 253 743 618 153
3 3
801 980 950
522 56 226
421 959 135
10 10
91 884 90 559 251 940 833 61 620 421
678 630 407 97 515 343 381 213 863 887
293 825 165 407 524 704 432 129 942 240
746 482 16 22 778 397 386 112 612 659
295 854 844 595 309 441 311 359 986 783
51 931 780 9 484 334 153 815 84 191
703 246 840 334 422 215 772 809 70 395
715 17 760 209 533 42 850 938 193 226
70 207 505 772 230 750 968 72 60 104
893 737 260 764 505 562 375 963 650 651
5 5
463 247 864 336 774
573 506 756 369 641
715 517 169 718 213
918 339 582 727 640
142 771 206 495 572
3 3
889 145 112
812 972 957
759 576 4
10 10
519 741 206 969 412 600 604 550 405 429
717 779 573 237 719 885 173 126 223 913
75 667 998 753 605 330 883 568 457 944
283 308 342 677 30 499 492 105 375 880
410 132 46 783 140 348 435 544 164 298
294 383 147 157 169 961 791 599 820 428
258 918 748 670 638 830 780 47 836 592
949 182 290 161 62 329 394 268 577 326
301 472 37 876 937 674 816 86 405 728
67 752 635 615 986 788 340 304 873 936
5 5
611 326 610 738 554
719 25 98 324 814
124 392 289 24 826
232 485 82 850 409
454 696 153 645 379
3 3
782 79 835
879 886 508
827 753 404
10 10
816 720 375 648 273 467 673 530 811 969
315 828 108 235 76 651 765 280 127 369
665 108 574 910 298 716 289 366 314 960
352 21 578 358 692 867 54 713 537 912
205 418 910 184 974 949 732 544 633 773
955 481 21 404 661 186 908 70 871 712
977 885 802 838 563 854 295 216 774 922
873 872 281 604 971 243 516 631 308 717
161 585 181 450 548 897 229 216 301 584
744 440 755 994 541 330 690 649 156 470
5 5
751 446 779 738 68
89 605 738 733 635
317 464 747 158 828
571 933 583 242 266
73 329 672 193 261
3 3
878 160 569
760 1000 634
303 959 188
10 10
732 416 204 961 667 153 895 74 65 109
322 566 911 558 712 558 44 135 257 595
781 695 10 162 281 480 467 332 747 846
723 470 743 316 624 684 63 429 680 957
573 675 688 256 918 760 980 703 956 501
680 657 726 77 373 699 321 348 861 996
891 169 726 463 654 658 534 760 946 870
481 666 795 596 673 483 531 636 976 973
865 756 311 139 449 434 667 439 75 831
299 746 704 290 836 147 246 209 293 291
5 5
987 777 517 119 389
409 204 809 906 671
995 139 592 954 477
232 222 242 181 90
489 834 17 832 482
3 3
666 770 163
717 801 818
900 375 515
10 10
357 698 128 202 341 687 720 189 224 68
755 119 96 539 582 969 475 483 865 984
609 102 782 861 554 32 987 182 992 529
616 821 412 674 570 883 365 658 615 113
243 835 920 421 391 150 482 980 714 12
137 993 558 564 954 174 224 612 744 243
526 185 657 679 792 663 222 406 853 138
131 389 315 326 896 950 532 435 233 161
750 342 193 506 30 703 561 90 296 296
428 614 790 924 125 315 58 417 468 695
5 5
600 563 945 905 813
692 911 323 130 637
194 824 861 153 686
679 212 161 649 836
91 666 943 850 282
3 3
510 904 414
979 567 155
615 987 707
10 10
738 684 895 145 853 12 916 646 833 364
136 788 194 658 608 991 945 561 870 646
500 747 45 797 229 488 554 13 238 839
725 604 486 226 631 432 172 331 17 239
863 583 384 701 369 75 700 609 630 75
287 777 678 422 275 408 382 709 339 780
742 107 963 845 198 549 295 151 627 637
274 35 163 339 413 923 626 77 890 161
611 171 912 427 854 684 719 60 749 786
345 535 349 932 145 214 853 17 927 280
5 5
481 139 829 798 325
561 51 463 41 599
251 484 386 209 669
302 151 721 509 776
927 190 927 518 894
3 3
35 520 538
282 288 22
214 819 405
10 10
453 3 790 152 617 28 302 128 290 525
701 648 731 20 104 329 192 256 568 538
167 155 533 81 249 431 417 47 438 824
32 925 685 1 228 164 625 585 71 931
337 54 330 183 376 909 110 318 834 318
508 332 8 566 870 325 624 670 192 519
989 102 341 349 724 284 464 853 732 228
586 133 460 634 895 109 989 20 670 737
339 798 641 945 781 56 564 271 663 12
638 989 572 576 530 585 168 841 649 754
5 5
546 337 960 654 416
858 652 76 93 560
860 131 178 901 440
973 997 670 921 608
555 435 967 731 847
3 3
514 199 223
960 829 863
370 518 432
10 10
143 786 651 184 782 807 289 840 378 64
600 951 664 881 208 119 612 533 681 207
674 112 309 372 314 357 491 793 531 281
104 916 88 902 819 225 926 814 760 88
828 339 353 171 683 720 480 184 492 869
377 326 505 536 692 998 604 171 328 955
176 136 798 635 984 211 681 943 59 6
295 344 3 803 894 915 574 475 129 439
592 807 374 306 569 958 688 786 619 591
346 347 958 58 456 994 141 933 660 873
5 5
206 148 87 519 836
448 995 608 997 350
718 685 614 752 109
690 211 858 599 369
157 580 454 726 413
3 3
183 150 603
385 726 204
861 203 513
10 10
540 182 649 857 104 472 731 99 445 371
316 172 634 854 471 666 217 814 172 237
893 853 137 145 545 311 339 513 859 271
559 570 497 701 182 582 726 926 852 959
3 498 834 582 56 318 620 332 850 841
839 565 102 209 143 416 653 59 427 416
41 122 135 64 323 268 772 331 547 701
913 614 162 796 508 466 625 832 503 569
967 30 607 184 268 232 553 803 520 921
99 412 649 851 480 38 730 665 754 194
5 5
564 364 609 377 954
788 123 576 113 545
814 987 643 679 441
247 198 187 848 125
986 878 324 77 269
3 3
934 551 884
513 652 238
650 294 851
10 10
381 909 365 742 158 138 307 148 363 775
871 128 183 229 596 469 532 577 878 866
684 858 563 702 320 17 2 434 546 571
884 222 826 561 63 567 155 579 674 528
60 617 200 304 156 428 53 4 683 236
145 732 731 528 710 261 840 655 188 997
728 72 847 529 841 955 862 707 220 73
445 546 133 898 341 743 956 259 539 125
850 204 719 636 342 39 325 731 662 903
769 312 692 638 954 598 529 872 16 914
5 5
666 839 507 562 424
95 591 82 25 92
498 225 690 709 547
268 282 329 971 433
555 686 75 492 411
3 3
158 196 277
805 292 454
376 243 352
10 10
669 416 919 105 357 680 791 509 511 356
352 824 691 172 826 586 220 545 174 835
110 152 106 3 673 112 482 812 526 227
33 583 688 806 592 235 87 792 479 990
185 714 855 483 299 856 624 822 838 561
357 318 243 248 72 367 767 994 607 515
107 867 166 999 164 571 674 495 365 646
929 669 713 757 502 303 852 115 109 331
307 254 178 971 815 483 156 720 408 82
949 61 515 395 22 328 160 855 115 978
5 5
807 352 510 927 458
412 147 816 546 212
99 287 103 494 578
415 542 613 944 224
830 466 137 138 599
3 3
688 66 826
107 421 194
254 233 136
10 10
122 422 271 80 111 515 662 847 512 149
510 783 584 190 609 212 44 126 399 935
552 107 780 693 747 191 607 145 588 146
367 835 918 533 117 775 558 417 707 830
606 903 606 641 249 396 286 77 577 205
853 509 869 973 733 552 911 704 240 918
990 575 120 836 481 227 675 583 487 936
645 242 52 586 544 52 483 741 955 354
873 292 133 941 467 676 752 806 541 988
314 201 255 454 900 783 166 501 11 995
5 5
877 536 524 889 15
607 839 897 966 409
333 524 307 774 777
61 177 320 888 800
662 398 451 733 928
3 3
332 139 390
901 90 5
243 131 367
10 10
88 611 856 272 842 895 830 403 40 578
187 894 860 235 348 291 53 315 513 123
149 646 944 679 486 259 943 767 71 22
52 619 385 200 348 587 485 144 446 56
932 797 112 749 464 954 820 800 406 751
221 478 230 468 142 372 308 85 538 670
620 232 645 185 498 698 865 378 112 345
603 687 433 341 234 637 693 587 810 519
673 24 982 422 56 670 831 631 48 487
338 289 544 108 499 974 874 633 814 275
5 5
825 962 862 38 949
152 789 356 923 594
423 64 285 323 349
988 34 659 340 842
621 313 810 657 773
3 3
402 81 154
983 710 145
782 767 206
10 10
276 684 988 572 396 42 698 319 902 211
861 235 525 933 285 573 228 346 635 467
298 713 92 642 708 357 812 242 30 891
328 830 174 205 455 564 930 767 327 68
658 48 703 807 4 266 38 37 155 290
93 692 295 867 839 818 225 265 552 993
626 739 644 593 710 849 917 393 695 756
325 381 250 950 845 739 137 434 470 848
131 391 475 80 422 138 587 271 648 757
794 580 464 352 195 347 578 359 694 476
5 5
407 27 819 154 883
813 806 163 548 474
500 877 36 876 541
609 466 632 78 294
300 110 238 471 36
3 3
453 856 75
637 775 502
395 536 30
10 10
658 698 455 58 874 794 641 890 21 164
690 823 408 404 983 993 690 521 973 727
75 990 612 517 366 635 785 605 227 777
606 402 833 605 936 934 417 739 953 424
714 9 92 516 909 628 423 684 212 932
485 104 734 780 464 905 438 557 76 675
331 810 864 534 581 316 259 531 835 969
499 421 38 821 123 418 398 360 563 771
312 387 403 588 970 183 564 41 164 861
777 277 60 638 790 56 673 395 991 110
5 5
465 692 302 666 894
63 303 491 799 215
617 562 599 102 901
148 735 383 657 348
69 251 609 736 27
3 3
235 919 858
817 202 839
374 815 654
10 10
400 880 201 550 823 245 833 858 296 405
868 911 639 820 821 235 930 462 712 48
927 779 414 129 385 359 89 713 591 417
130 92 122 781 38 734 575 191 889 325
403 455 891 611 739 794 873 903 233 989
665 141 824 310 797 152 247 10 2 60
885 979 50 581 188 32 30 316 461 977
740 138 552 494 999 598 268 52 300 175
66 668 897 943 278 294 24 338 869 481
359 199 436 504 316 141 654 45 861 129
5 5
950 604 464 907 455
606 565 150 61 612
463 988 262 364 611
989 289 471 687 675
583 176 515 145 834
3 3
422 956 742
3 508 509
819 485 353
10 10
919 838 945 30 422 437 241 408 490 501
967 503 355 742 711 289 493 142 669 412
141 138 390 815 55 57 257 910 555 979
419 351 838 73 140 313 37 828 105 394
436 921 936 585 863 331 953 119 620 415
528 713 965 864 42 375 697 823 798 188
109 906 831 212 426 9 602 295 956 969
835 597 960 757 61 939 619 681 222 502
385 562 604 364 10 124 631 341 387 332
483 914 132 298 590 438 497 954 885 45
5 5
253 427 420 136 107
703 14 898 242 61
784 41 51 267 40
421 949 490 273 16
339 855 809 643 857
3 3
363 992 612
932 556 874
262 707 872
10 10
274 304 829 249 327 296 307 186 277 590
818 695 474 421 581 369 121 86 266 888
121 212 6 51 322 181 618 750 457 436
471 433 948 378 488 864 433 519 741 790
884 87 29 248 205 666 72 710 420 567
276 44 790 345 410 874 535 658 528 969
567 255 141 872 554 824 115 406 189 420
47 825 206 466 214 411 39 267 560 587
291 922 311 667 326 674 909 944 761 219
595 4 169 234 233 466 667 358 55 708
5 5
458 182 197 268 256
547 417 995 599 970
8 588 60 326 650
579 240 969 495 265
630 517 963 932 303
3 3
862 982 238
945 920 18
185 672 617
10 10
512 723 981 289 717 841 220 714 437 75
154 469 683 69 31 973 151 897 188 579
473 309 682 558 459 16 281 719 237 532
711 735 486 473 990 127 949 640 828 216
629 42 827 391 648 340 707 408 972 25
561 472 468 614 515 558 480 452 523 78
924 987 692 725 464 360 463 830 476 989
366 142 391 299 593 429 534 281 611 71
558 51 658 970 596 700 369 298 973 239
155 238 674 743 540 303 791 65 584 874
5 5
271 222 66 246 987
795 327 923 807 83
488 510 489 728 555
793 42 288 60 685
611 796 854 665 196
3 3
889 152 230
433 364 934
214 920 917
10 10
599 778 41 51 940 115 158 944 947 417
24 197 183 880 385 298 860 443 415 980
436 409 164 246 679 368 538 604 604 371
115 70 391 55 115 505 564 982 246 817
77 885 44 306 699 633 840 339 706 453
219 317 473 835 56 396 922 738 573 93
2 963 871 103 413 763 303 212 374 94
995 836 956 497 695 594 339 378 243 735
679 509 481 472 464 686 290 65 195 726
686 929 812 135 108 49 268 831 242 712
5 5
678 464 421 768 510
732 23 189 13 160
324 309 788 330 44
707 459 994 913 225
783 596 154 56 775
3 3
75 966 791
382 78 642
384 924 455
10 10
612 478 562 599 29 883 415 288 684 193
622 369 899 855 605 359 477 12 955 109
580 745 659 663 205 199 75 194 86 549
958 879 211 605 368 566 709 964 722 277
483 124 905 106 698 968 219 240 970 274
10 896 859 530 327 944 188 341 493 899
285 273 797 31 113 770 988 727 470 500
864 313 839 571 193 850 180 361 751 849
204 120 187 573 972 217 691 154 481 595
543 105 159 837 187 164 281 530 941 141
5 5
641 233 792 698 319
757 918 404 423 889
628 240 114 339 837
65 605 34 639 60
985 806 270 600 729
3 3
970 416 145
820 687 318
247 635 259
10 10
495 714 444 495 118 681 966 422 31 548
209 524 360 162 97 246 518 561 647 219
607 460 926 623 404 370 596 956 489 491
855 133 979 688 726 572 990 995 657 644
143 321 572 738 257 92 182 19 518 729
736 912 638 513 672 25 187 484 803 869
710 122 889 927 963 657 628 223 428 61
924 337 30 120 552 924 268 407 280 965
185 437 107 852 314 509 368 830 677 768
864 112 640 737 80 957 20 307 813 686
5 5
517 165 610 156 41
280 146 391 504 619
662 307 715 613 574
959 764 453 931 776
524 696 30 815 540
3 3
685 557 809
904 47 720
319 657 677
10 10
939 147 26 17 362 674 622 87 859 533
617 123 71 550 512 722 217 910 211 151
467 603 91 710 141 689 803 252 745 939
249 555 658 700 642 316 883 792 409 281
923 673 195 727 178 8 869 940 201 803
574 726 237 577 556 957 453 252 789 53
875 781 132 130 492 475 971 264 455 169
746 903 761 521 841 661 427 874 362 174
64 171 207 531 994 159 101 99 468 535
48 604 861 716 792 949 888 67 463 241
5 5
171 998 360 599 739
173 692 950 659 904
459 816 545 984 878
292 573 210 779 165
460 681 207 222 362
3 3
378 172 559
343 389 5
745 19 98
10 10
525 941 986 639 416 529 197 711 812 586
955 522 140 603 176 816 322 650 554 376
78 767 335 103 283 833 952 410 933 495
459 385 588 431 611 306 556 399 376 276
450 276 149 360 466 884 659 307 965 878
394 927 404 844 711 788 733 527 200 884
862 207 967 952 271 27 963 32 622 879
953 59 158 280 627 91 393 430 397 199
939 445 801 763 838 995 455 751 648 991
929 714 504 408 79 186 152 164 756 322
5 5
29 393 699 90 731
240 107 102 307 782
648 136 964 647 560
620 297 452 509 765
828 640 223 501 178
3 3
888 227 862
623 420 210
473 866 635
10 10
488 670 745 477 655 903 828 583 222 494
483 680 695 179 436 207 65 328 956 721
562 829 376 706 86 1000 910 977 24 548
728 349 557 190 657 45 12 470 315 43
772 94 458 3 983 964 880 415 62 215
649 330 407 396 387 191 967 189 648 241
791 74 470 890 635 625 731 806 550 446
119 107 756 758 754 701 824 975 265 138
768 953 7 32 189 48 863 171 690 710
965 814 895 615 225 755 566 6 417 533
5 5
946 159 787 427 461
653 611 21 275 912
250 14 570 500 906
801 606 24 797 330
110 757 764 38 968
