50
67767 136968281 400564833 89 8 3
10 805306368 671088640 1 98 1
100000 536870911 0 10 30 60
3 217378926 754883440 22 33 45
100 805306368 671088640 98 1 1
5 501637550 475822496 22 33 45
10 805306368 671088640 98 1 1
79896 195266495 258849067 76 20 4
56626 822367736 742648484 80 8 12
10000 805306368 671088640 33 33 34
10 0 536870911 10 80 10
82076 368606425 47241510 53 33 14
88281 845942295 880126305 21 17 62
58202 327445623 807620575 29 17 54
93735 565971160 639511941 20 74 6
52573 193153886 73533859 22 0 78
56365 172479329 577454265 47 22 31
1000 0 536870911 10 80 10
55385 653366958 544600528 2 12 86
100000 805306368 671088640 1 98 1
90578 270279476 610974318 29 36 35
58863 535543826 720237454 25 41 34
10 536870911 0 10 30 60
58942 470470426 602517439 99 0 1
74528 969638544 753286442 61 9 30
72878 238689686 514046920 48 23 29
59939 546533637 529663163 3 67 30
100 805306368 671088640 1 98 1
53619 732600153 306439581 45 49 6
100000 805306368 671088640 1 1 98
81636 957464076 41881124 91 8 1
50419 586565605 799044522 88 4 8
54263 65108863 164638852 94 4 2
1 254652780 198908933 22 33 45
1000 536870911 0 10 30 60
60967 409363050 394945651 11 30 59
68131 660492665 465097627 2 60 38
2 665098120 324214086 22 33 45
90087 359679164 109572737 27 16 57
82631 799063604 661724959 68 22 10
10 805306368 671088640 1 1 98
100 805306368 671088640 1 1 98
68211 693428330 810199703 17 49 34
98640 341134603 376471146 67 24 9
100000 805306368 671088640 98 1 1
98511 332924655 911207309 67 3 30
70315 105064839 709515404 17 6 77
100000 0 536870911 10 80 10
62574 130612451 384947744 45 51 4
88494 915748535 728656204 28 5 67
