50
7 4979 5072 82 10 8
10 9216 8704 1 98 1
1 8191 0 10 30 60
10 9216 8704 33 33 34
10 9216 8704 1 1 98
5 4411 9864 36 43 21
7 4998 3438 1 16 83
5 9216 8704 98 1 1
8 3214 3045 68 20 12
8 7125 7397 74 12 14
9 1991 5830 41 48 11
7 8536 7295 38 59 3
6 1252 7303 87 8 5
5 9216 8704 1 98 1
2 6488 538 22 33 45
5 0 8191 10 80 10
1 9216 8704 98 1 1
7 2981 4136 5 7 88
3 9055 7262 22 33 45
4 9928 1374 22 33 45
5 9851 1065 46 32 22
10 9216 8704 98 1 1
10 0 8191 10 80 10
8 3407 6251 80 13 7
8 9743 554 96 3 1
7 5615 9720 79 16 5
9 766 5207 88 6 6
7 2276 2012 89 2 9
5 8191 0 10 30 60
9 9558 3791 41 54 5
7 7087 3419 60 18 22
8 9375 105 95 0 5
1 6698 845 22 33 45
9 5936 4960 51 46 3
5 5559 9950 47 14 39
5 1929 7329 83 11 6
1 9216 8704 1 98 1
7 4416 3149 77 2 21
8 5698 8962 99 1 0
9 382 5560 30 37 33
8 6213 1090 50 27 23
8 7475 2235 74 2 24
9 9277 3051 40 53 7
1 9216 8704 1 1 98
9 4055 2400 57 36 7
5 9078 9920 32 34 34
10 8191 0 10 30 60
5 9216 8704 1 1 98
5 385 9668 50 34 16
1 0 8191 10 80 10
