10
46 1
1 0 0 0 0 0 0 0 0 1 0 0 1 1 0 1 1 0 1 1 1 1 0 0 0 0 0 1 1 1 1 0 1 1 0 1 0 0 0 0 0 0 0 1 1 1
0 0 1 0 0 0 1 0 1 0 0 1 1 1 0 0 0 1 0 0 0 0 1 0 0 1 0 0 0 0 1 1 0 0 1 0 1 0 0 0 0 0 1 0 0 1
0 0 0 0 0 0 0 1 1 0 0 1 1 1 1 0 0 0 1 1 0 0 1 1 0 0 1 1 0 1 0 0 1 0 1 0 0 1 1 1 0 0 1 1 1 0
1 1 0 0 0 1 0 1 0 0 1 1 1 1 1 1 0 0 1 1 0 0 0 0 1 0 0 0 1 1 1 1 0 1 1 0 0 0 1 0 0 1 0 0 0 1
46 16
59 47 55 58 33 32 10 12 48 16 51 24 51 56 1 15 39 48 35 58 28 2 12 35 41 54 61 32 53 22 48 49 5 40 43 38 8 53 51 56 5 38 16 56 30 17
7 5 2 42 63 30 44 12 1 22 2 62 54 56 21 38 41 26 14 20 1 22 9 52 15 14 26 31 6 56 49 13 61 51 55 61 17 35 9 19 57 11 17 47 3 38
22 44 1 36 0 2 59 9 54 10 23 16 41 29 8 26 42 5 13 33 2 31 5 11 50 62 23 3 46 26 42 4 7 43 40 7 45 35 17 35 45 40 51 23 6 59
49 48 0 63 18 3 30 23 14 16 21 37 19 3 0 61 7 7 40 48 14 21 19 31 56 1 8 43 24 14 38 9 62 39 8 16 42 38 39 56 54 61 30 10 0 30
50 903270408
218088164 972267119 123069494 738733107 308877380 301108297 178420435 207731581 597756171 732596698 819328360 656128035 402695657 378866511 729480685 730655655 722125495 553302581 325340855 180954976 487070045 347456605 944503065 509612370 222180059 130682807 286709085 812986397 207135187 599096228 816256805 877739706 223879700 491842653 616472813 432757080 345467304 694893248 193005015 843223476 980006300 564849730 151867864 382701956 843716241 433864903 113357610 218358089 887167485 891214820
299313065 374237529 791187780 243816129 436366253 913367839 274498937 623075339 378870589 934150479 774687921 195127393 464406539 898567621 586970046 980879352 883841055 832437351 328288953 629362425 328177180 308295252 194212154 380045044 243513562 590444749 366426302 809387527 708802838 253593786 700602347 908115903 180347669 144306480 704448386 169230276 957674319 531463677 344821969 336544908 118130510 119509889 984188656 482537049 570593864 223675056 115932754 106951273 956112407 344221707
636313698 836805941 205033313 730525852 769367339 901063230 320970600 135793640 710450756 582289792 841903781 963569457 142922048 574767804 107875936 747370434 643998081 618066610 831350466 888820050 507127872 849480976 560846294 491316527 884534379 131440157 614991583 900467133 138391430 223620343 797205194 674705128 960426284 554754861 957747334 382309977 108334444 831234288 418103617 718785200 413524079 260007398 334871011 456446127 387291556 342746947 756332916 931289637 860813557 587683381
472626041 367941428 989680711 933472335 411774310 874215089 617428846 579282247 427198575 655820277 702902591 776920123 883041759 315845228 331674983 840789093 598155205 340009427 324539734 568775177 611310981 638063814 381298929 846181992 647026295 668590485 741445294 403359210 252396476 254775204 543558945 625022517 175232987 533239655 211011205 487007297 959971098 728440051 966289544 387169672 936776682 321708488 716606149 819818441 190070071 600797486 313123887 688225276 493323267 537663621
47 800
789 735 1020 985 146 289 973 647 494 394 517 533 0 923 406 201 952 728 302 435 468 277 104 714 188 642 818 208 316 550 1008 81 260 1005 43 406 272 1016 30 768 385 547 276 388 445 682 591
375 387 893 810 857 145 916 548 336 533 344 544 851 894 529 934 131 511 977 540 783 971 570 526 331 93 804 721 540 463 287 915 851 156 702 683 303 593 209 641 103 553 162 957 422 693 866
555 180 821 70 963 767 643 467 75 738 246 797 253 710 61 146 538 219 850 198 525 421 407 141 524 960 306 458 359 999 300 915 154 96 987 95 865 605 562 940 318 810 712 574 495 776 720
10 995 547 209 495 968 616 639 470 554 945 928 913 921 205 805 51 303 768 146 143 348 710 59 669 495 773 218 993 524 940 1003 495 462 187 992 408 806 606 878 335 528 783 225 425 991 6
45 0
0 0 0 0 0 0 0 0 0 0 0 0 0 0 0 0 0 0 0 0 0 0 0 0 0 0 0 0 0 0 0 0 0 0 0 0 0 0 0 0 0 0 0 0 0
0 0 0 0 0 0 0 0 0 0 0 0 0 0 0 0 0 0 0 0 0 0 0 0 0 0 0 0 0 0 0 0 0 0 0 0 0 0 0 0 0 0 0 0 0
0 0 0 0 0 0 0 0 0 0 0 0 0 0 0 0 0 0 0 0 0 0 0 0 0 0 0 0 0 0 0 0 0 0 0 0 0 0 0 0 0 0 0 0 0
0 0 0 0 0 0 0 0 0 0 0 0 0 0 0 0 0 0 0 0 0 0 0 0 0 0 0 0 0 0 0 0 0 0 0 0 0 0 0 0 0 0 0 0 0
49 0
0 1 1 1 1 1 1 0 0 0 1 0 0 0 1 1 0 1 1 0 1 1 0 1 1 1 1 1 1 0 1 1 1 0 0 0 0 0 0 0 0 1 1 0 1 0 0 0 1
1 0 0 1 0 1 0 0 1 1 1 1 0 1 0 0 1 0 0 1 0 1 0 0 0 0 1 0 0 1 1 0 1 1 1 0 0 1 0 1 0 1 0 0 0 0 0 0 0
1 1 1 0 1 1 0 0 0 0 0 0 1 0 1 0 1 1 0 0 1 0 0 1 0 0 1 1 1 1 1 0 1 0 0 0 1 0 0 0 0 1 0 1 1 1 1 1 1
1 1 0 1 0 1 0 0 1 1 1 0 0 1 1 1 1 0 0 1 0 0 1 1 0 0 1 0 1 0 1 1 1 1 0 1 1 0 0 0 1 1 0 0 1 0 1 0 0
48 4
30 40 19 58 32 22 39 46 33 21 49 8 52 9 1 18 16 17 8 48 9 53 34 31 36 6 4 5 46 53 9 13 29 28 7 62 50 46 44 20 3 30 28 55 39 29 9 55
47 17 39 56 7 9 23 43 16 27 48 62 16 57 11 46 22 18 44 8 0 24 28 3 54 57 59 29 22 4 20 5 22 59 61 29 5 20 8 21 47 57 19 0 50 31 46 8
49 26 17 50 50 45 53 41 38 48 6 61 53 27 2 11 22 0 40 27 20 48 48 4 41 4 4 28 35 50 36 20 12 53 6 62 35 60 39 9 44 46 6 33 9 9 44 31
9 20 59 29 5 43 33 46 47 37 10 18 23 47 39 35 36 45 34 7 41 9 17 22 55 23 55 0 32 36 32 41 56 27 7 61 6 40 44 54 14 54 8 37 37 47 9 10
50 922803480
152716625 276156740 934475828 578909602 233094620 297163114 825650106 224052434 179621227 550116058 189717047 506445516 428873667 923536623 347696870 798769355 239890669 436828844 983647666 956525401 106443555 984875456 710643279 871711532 124803493 514874742 505632923 649585968 190831168 425417336 424905819 243547793 254090430 359381646 722457396 387185051 209061114 548107501 163753839 288682342 998223559 253470886 347644212 979613580 729523863 595341083 778382934 521930886 584686281 414546954
130972640 243646190 951938764 741615920 115357721 629258611 256490661 173506998 278844578 347321829 498924334 603750397 143385976 305531119 515648398 765843372 592716170 624709512 313950872 308986363 465908208 864690786 114973603 713552421 496820719 744497466 861409858 275203653 266428352 446096138 242266961 297400992 242258682 194205724 591533266 257616403 375980690 400540281 331123402 554825268 300378464 382564090 711092020 343764441 588095209 226740417 109607812 180811378 403966283 876075040
389797741 769874492 393282179 404771344 135943266 790102898 701785165 897353124 617822905 520729871 895965616 412606220 370647217 138224297 159328299 514696838 848357055 435308989 815237119 179480456 890134257 668131938 114560901 253742630 911896379 602656110 380483047 574020545 335983843 684449331 102611938 278297938 106840176 395894117 235585637 142783442 738513370 837370802 592652920 908852629 910617027 141134889 321458849 281264243 731875541 380787148 348477435 580232595 716096137 163714554
312229406 258746747 384362846 326790307 412489378 296259224 829446417 345488779 422796123 165430259 929938110 425408062 343728198 589294640 373818533 131830189 284594436 664848257 869200991 777247356 226217240 432334371 470898599 447676089 266114968 202774139 380979591 514592404 335523089 997075728 230823312 547752495 808338829 515186158 427059156 220828206 363961736 256505572 118833340 686757859 874452187 948771450 664682275 770696739 190582444 591017163 802526928 375176880 808381774 324244272
45 964
344 464 929 737 705 347 116 319 976 630 817 233 288 923 993 949 849 983 412 739 460 738 804 581 654 710 836 829 385 1001 770 729 441 677 444 121 1024 562 442 978 168 234 186 456 132
154 383 983 113 795 698 575 508 477 131 140 165 967 969 550 944 714 257 360 366 701 483 366 240 925 321 408 136 507 867 268 661 225 226 776 1020 926 328 505 381 459 645 546 404 591
73 325 281 330 687 649 8 145 1017 251 47 313 659 183 822 503 453 461 728 681 212 725 583 541 206 964 1002 853 487 383 420 560 710 703 893 372 329 903 519 322 129 568 637 791 753
435 269 181 898 1000 865 85 702 423 628 908 364 608 739 851 993 134 388 679 837 256 28 141 135 550 465 264 93 80 30 847 517 302 5 390 277 870 475 979 268 81 865 632 691 579
48 0
0 0 0 0 0 0 0 0 0 0 0 0 0 0 0 0 0 0 0 0 0 0 0 0 0 0 0 0 0 0 0 0 0 0 0 0 0 0 0 0 0 0 0 0 0 0 0 0
0 0 0 0 0 0 0 0 0 0 0 0 0 0 0 0 0 0 0 0 0 0 0 0 0 0 0 0 0 0 0 0 0 0 0 0 0 0 0 0 0 0 0 0 0 0 0 0
0 0 0 0 0 0 0 0 0 0 0 0 0 0 0 0 0 0 0 0 0 0 0 0 0 0 0 0 0 0 0 0 0 0 0 0 0 0 0 0 0 0 0 0 0 0 0 0
0 0 0 0 0 0 0 0 0 0 0 0 0 0 0 0 0 0 0 0 0 0 0 0 0 0 0 0 0 0 0 0 0 0 0 0 0 0 0 0 0 0 0 0 0 0 0 0
