100

5 3 1
8392 2781 5686 3569 5793
5025 8336 4403
2940
10
10042500 16531592
69955712 12944820
14774984 31453968
39122088 1394640
29109825 12944820
28572150 12944820
26058879 62081404
21183138 3280513
42169800 12944820
17934225 24507840

2 2 7
3428 5553
3624 8582
9379 3690 6270 2201 6916 2416 8956
10
45241119 51136425
2452892 19299616
3942996 9092952
16481556 22321215
29419096 32456544
15820500 25445340
12423072 31667580
20124072 80490578
47655846 7976424
29419096 25063584

8 4 2
8543 1259 8821 3049 3911 3769 2753 2293
8521 7151 8803 937
2053 9241
10
55600357 654337
4255883 53886229
1398923 82379347
2856913 14681003
21803399 17493613
77651263 8658817
3531553 66082391
8004791 14681003
51919423 18847417
40470953 9644113

4 6 7
2881 4596 1920 7880
7083 2638 4028 6876 2643 5515
4252 6372 342 4776 2492 1127 5149
10
7614483 6215405
27054404 19752040
6112358 4555320
12147228 17650836
8605002 11548280
7614483 17134992
11742570 34841196
12124248 17127056
6114528 17561250
5064960 6586356

7 7 5
9661 3019 7 4817 1213 6379 3037
7963 6203 6947 6311 2707 1997 9851
6947 6857 4517 6659 6841
10
8172433 67548307
47452267 48260809
4644397 3976499
50795977 9020449
50795977 31379599
1310443 1273093
8701241 34060363
767801 20221939
19319899 18178607
24183631 43173551

10 7 10
772 1263 6603 6093 3928 6934 7360 4559 5442 1340
7682 6305 5363 3134 524 7358 2855
111 1111 1095 9483 7329 7256 6754 6013 730 2345
10
1735488 42736640
28732743 27761100
4770370 63259488
16481842 11578270
35411889 816738
50724246 59790315
43663872 16031175
3958242 69775914
3459972 8057010
10293880 3539096

10 10 10
1801 904 4436 768 6439 293 42 6040 2333 649
2053 800 7093 4278 8330 328 7152 6975 9936 7094
963 1276 8899 3084 3823 4109 7422 6706 6066 250
10
417312 82000
21561820 53424745
45671827 31751316
4603357 2918872
27923188 17195568
2111992 6716925
664690 19444293
35101132 2890509
15002330 2199568
35909481 25823680

7 9 9
331 4481 5387 6857 2711 3313 8747
2179 3313 103 7907 6173 359 4783 6143 1303
3251 127 1279 9343 6899 2213 8297 2591 1627
10
42595009 12392753
1189367 20487037
554861 5390251
19059713 30953359
27014227 1912849
721249 42380557
5025463 34394011
5992967 8291917
27413081 16880173
523223 81366001

2 9 6
43 631
191 751 4937 5081 7687 6053 4861 1637 1277
8629 1699 3911 941 6673 3371
10
2313023 19853447
209023 7233467
40075121 592349
20062591 6332597
3067291 8521421
20813263 65842591
218483 4994347
12913619 30691049
3067291 32944601
54911 23673283

2 4 5
9667 1497
6705 36 4713 4407
1582 826 8340 4444 216
10
22039250 7048848
5055688 15771250
7055361 10607310
6597279 55919700
64817235 29736
25900084 33300450
348012 5538330
10037385 56952
56416902 6330240
20916953 9201600

7 9 2
1920 9551 6439 3880 1667 720 1554
7161 6821 1251 2706 2882 721 5061 92 7199
9464 8730
10
2085417 59547330
1140800 18909684
8436687 68131336
77086016 12586980
273207 7896785
27525982 11839464
89031957 75927555
32587779 6294330
12033960 1083189
11948301 59547330

1 8 3
2818
7853 7935 8358 2853 4620 8188 6819 339
1137 4281 1581
10
8039754 7753203
8039754 1451259
9280920 28215166
23073784 12415593
8128104 10128322
22360830 7304220
955302 29192139
3834452 27957015
31601764 22520036
39462848 39192

1 7 7
5823
8203 6638 8422 6020 6237 5961 6145
978 1502 9603 9339 7471 301 8854
10
412776 66250624
27446160 8740620
49041306 53301080
35054460 1849645
35782335 56220780
47766069 55222398
38653074 45909295
12921885 4307202
37409328 92426652
11112132 39953568

10 9 5
5501 3581 9679 373 6679 2659 1303 2953 2521 7621
4327 4931 719 3643 6043 3943 3229 907 9049
5981 5119 2389 6659 1669
10
6109177 58050763
554291 4358689
7128283 44006327
3955219 32835529
2678371 60257291
39911089 3893573
35260597 19312649
32934149 60257291
41408959 34091383
1613971 6580867

10 10 10
5611 1814 5568 6813 7016 1883 3652 6404 5607 6523
9409 60 322 4668 5499 9264 7015 886 5775 6496
1822 3460 5606 3829 1491 8030 1628 9785 4142 8492
10
503890 30340794
26173476 10522050
45758845 587100
10475850 89460
22835292 34768936
11783744 481800
20903134 7272100
23016775 32508174
36449056 6959988
27922635 59441928

5 6 10
2931 3477 1957 5592 9563
6019 838 1780 8234 8746 1791
2640 5748 4534 360 1872 3497 4319 1159 6265 5126
10
17127333 301680
11653677 3296820
48907632 6263127
13677720 3851663
6189060 8120394
31288564 674412
36895428 3811076
48907632 34597212
16113938 8070520
3050250 9755136

1 5 10
596
9819 7916 621 4153 4659
4782 1839 724 4641 7580 532 1710 6697 7500 4592
10
5852124 5731184
4717936 2969622
4717936 45088848
4717936 31479740
33565059 13901778
12531678 46053090
62042112 48401760
2475188 35315220
14748864 5838075
3969823 7312963

1 10 8
2780
3633 4059 3685 3948 7268 7775 9194 1599 2041 2428
8665 7785 1935 5234 6690 3290 6087 8057
10
21614500 10697310
5967731 25359560
1412010 73125234
51972420 26534870
21614500 38040712
6749840 9733113
6074425 2597166
20870845 8202096
10975440 8369166
25559320 60528375

2 2 4
6224 2950
6395 4848
7154 7897 2992 2694
10
30173952 45749830
46939348 48993282
39802480 38284656
29828240 51475768
6430369 31309564
14301600 19133840
28484350 82019700
18865250 14505216
2606848 9521215
18865250 34682592

6 3 2
5407 2012 9356 2956 4116 7883
4610 7029 7854
4384 5253
10
3698860 17148915
11490 39369960
14142348 34431936
15802248 30815136
38005803 24216330
44022873 659403
15802248 30815136
5028828 48572577
14140532 21781175
61913082 20210240

4 5 1
7868 8018 8264 7914
5282 6844 1594 1006 1411
9310
10
42351076 9365860
41558776 13136410
63768750 32630400
41558776 13136410
14615970 14584383
36827040 22662951
34789164 49690908
12780692 49175420
11313398 63717640
12592844 2810416

3 5 7
9497 7643 7219
659 3191 3083 4133 1217
8861 2833 2381 7561 2617 9323 9781
10
29279251 40424873
11557849 36622513
9478661 5615173
47539853 25299277
8785523 11708789
7278169 7326929
24388813 31249613
24388813 9201737
62707231 58015597
1461431 2909197

5 5 8
7208 8862 5930 7120 7330
5747 5710 8226 9055 1792
1991 3789 1365 1272 7801 9960 2223 1323
10
50929914 2370816
80245410 11442277
3457740 16869300
72898812 21635190
1867840 19029480
42125510 11979765
6325972 33601617
31267740 58065615
78002720 7833135
12916736 18028505

2 3 1
6263 479
8951 5939 4079
3251
10
5859173 17109431
30856289 51537869
3368831 32310871
25546777 19307689
1953841 19307689
56060113 13260829
42962783 2665673
1953841 29099701
56060113 13260829
20236763 4396859

9 2 8
3958 9731 8912 3468 8063 5913 1189 1239 5600
6268 689
4117 3794 6273 2365 715 7184 7750 2570
10
24808744 4322097
55860416 1770730
86402082 232375
6140368 48577000
20661810 53183337
24808744 2836613
3995215 36204230
37985208 62547080
3858400 25805356
1261732 10898274

6 8 9
8017 919 1193 9239 379 2437
9059 7309 7867 8147 2969 8269 6473 9173
257 3109 2887 5323 6709 503 7489 9199 8971
10
22354601 44015887
7599211 65569039
40377391 13642081
28353401 52257193
7042661 31085347
9719371 22234841
3256159 17165663
1330531 51467153
7229773 43366481
2453267 52779703

4 10 3
5907 624 8822 1768
9364 1467 8555 1036 2984 1126 3574 1242 2255 6036
1931 1970 8649
10
6318832 73992195
19236170 10040931
37715355 24312264
19893610 30911526
39780266 618912
1990768 2398302
1862016 2398302
4791204 20004894
53249592 4442350
52142200 26875009

1 10 4
9047
5715 1162 4633 8806 9481 5108 7403 2458 9955 1306
978 8368 8247 6655
10
70923498 513648
43063264 5245254
46212076 83303440
90062885 4995624
41914751 9723616
61244628 68959233
3434808 64746846
21108892 91850650
11815382 20568544
22237526 9723616

4 8 6
416 8926 5684 1019
8498 8249 6293 5281 4718 4073 3781 1291
6556 178 8743 9422 4767 6909
10
35775648 38304560
11991344 26431548
19515036 338975
3535168 673018
36355598 74298014
23893263 37538541
8405731 25174527
1962688 72121007
2028635 3136276
75853148 59292646

3 9 6
47 9343 1229
3169 7187 4243 6337 3019 3203 859 7727 8263
8263 6277 3313 5147 5503 1
10
21880687 58812077
42632027 4741153
10155227 23349229
67148141 42529661
3894701 4727077
2636537 14658767
6585731 22089461
584641 4116631
8832823 68277169
388361 859

5 2 4
6151 7607 7151 2797 5167
7019 149
383 5779 2111 2311
10
14509961 14391787
1065499 16220909
2875463 19904089
65779951 324013
55165013 4477867
1065499 40562801
43173869 861071
769883 2688277
18019171 6027239
36267173 861071

10 10 9
4937 6029 2389 6133 1777 8269 739 5813 5179 7517
7993 9437 6959 257 5279 9199 6521 5113 887 2473
1931 6619 9721 3119 5843 9749 3023 6089 8123
10
5347723 24109277
18589541 92001313
18677 7580267
10475537 20117569
13990939 26974667
12611531 21705121
25242881 15434483
14059501 9671737
69148883 12592051
56849 5722043

4 4 3
457 4289 7127 691
1783 6991 4937 3637
1291 2749 6397
10
1662109 6373667
12707441 4695367
39293167 13325731
17743079 35980013
17136083 22273807
29984399 4695367
38620501 980257
21174793 2301853
369701 53707541
4830781 23265889

2 8 3
447 8302
3781 1444 2808 2914 34 1948 1296 2354
6693 2119 3161
10
282268 4127812
22660170 52904340
1052238 227562
282268 8011939
23764000 29317119
31389862 5950152
2814768 13487084
14248176 51180984
282268 6157628
2147964 16847578

4 10 1
5467 9756 1215 2314
3216 4035 8985 4922 1206 5945 5994 1838 9242 9096
6388
10
22059345 58105248
430014 23842467
67872636 7632150
4902525 7703928
4758960 11718828
25790110 428925
13870116 31441736
48019032 20543808
17931528 59037896
27546246 40921968

1 5 5
320
4944 8412 5710 884 1978
3374 4385 6647 4117 5810
10
46555620 4566920
1582080 11492180
6674250 51910656
282880 37954370
85873792 1638460
2691840 33175100
1827200 6673772
6269304 34028150
1827200 11492180
64198170 47673584

9 5 8
1780 7183 3150 6202 9385 3564 6680 366 4851
2720 8133 602 9039 8652
1462 4163 4794 2808 8832 4306 755 7575
10
21734163 3992170
67347100 35012237
9403596 21617125
4175718 6710880
16869440 76414464
65909538 1712256
58419339 41477688
2976678 13215018
84831015 2506126
50440866 4560150

1 2 3
5
4 6
3 5 7
2
1 1
5 2

5 5 10
6019 185 6523 6844 7294
6946 5243 1852 6760 2475
336 7456 945 6992 2123 9150 9762 2590 612 5626
10
66170034 67340133
44095480 47973450
33620158 46716744
1277232 22945630
969955 48566432
1285010 13579370
18052650 36659056
41807974 2338875
73033090 1491972
20250352 20924064

2 6 3
1623 9206
9728 8095 918 6528 4569 3447
5246 6030 7044
10
7415487 39363840
33780342 47654581
7415487 6466392
31733082 68524032
4413240 53286255
89555968 23968974
10594944 68524032
77911680 36052156
42583662 29058288
130560 4701250

3 7 10
2316 8695 7613
2619 5644 2413 930 3100 7113 3869
2514 5004 5766 3479 2073 2430 4998 7264 6388 6259
10
13071504 45437844
55465256 15306324
3411200 182572
19938447 44520267
1465680 18694872
54303168 1641600
67549620 48307840
18370169 10784900
61847535 11700012
18370169 24216071

3 6 3
9917 4078 6948
5240 2510 3540 2980 4840 2175
8586 7378 3639
10
12152440 16047150
8869650 17612760
896808 67118653
63770168 36952480
17439480 30394440
24595920 21986440
23034375 44736038
51965080 17612760
6799317 36813366
3680649 12308274

5 3 3
571 199 2113 829 2039
8461 2749 4003
9257 881 5081
10
3318487 78323477
5808637 37055771
20293183 439213
18952601 38997613
18709829 17157223
1683739 3526643
4831231 13967669
28339 53566363
4831231 25447493
21563671 2444683

1 2 1
9342
3194 89
5877
10
76746075 3707144
28383454 10620352
29838348 523053
59674680 3170338
9808026 22812924
831438 18771138
7161274 44024736
831438 18771138
831438 18771138
29838348 523053

3 2 6
1008 7027 6399
1351 2071
9006 5424 753 787 3354 7659
10
9493477 1559463
9493477 1559463
24553807 12922652
14552917 4531254
13252329 1063237
97315921 18187147
1361808 15861789
1224496 5405092
16091724 11969200
44227395 12461694

6 6 5
4364 8908 6343 8162 6835 128
9975 7262 4634 4730 6630 3957
497 1517 466 8528 205
10
20738805 24482869
38606260 3384092
37033192 17980224
7196896 11861655
8952543 50115500
35248956 2350810
5633324 8148623
20222776 1488710
59060040 949970
20222776 4648350

3 10 10
7213 8753 2767
223 7321 461 9829 9173 7451 7039 8461 5653 7949
1223 6577 3919 643 7193 4909 2909 7907 8093 1657
10
50772307 48250561
9785273 5139733
69577597 49005227
38507449 1741193
20257207 6320047
2913793 22242811
49480709 60300943
52511087 51441277
15641851 21674959
9066157 42262217

5 2 1
276 6652 2524 4682 4990
300 9634
3384
10
82800 32601456
45106388 1015200
78517048 11502645
8133004 2041752
82800 32601456
82800 32601456
1497000 32601456
4017852 6395760
3119144 43428296
27791066 14190234

10 6 3
953 8963 9419 1787 9479 1861 7039 701 5273 4457
4373 1723 8353 8369 3793 9203
8689 307 89
10
18510763 3179233
17126783 528961
14926811 2569283
1642019 337577
44160601 10400989
7814551 743417
3065473 337577
11557759 10375621
15408667 41945879
171121 52030837

9 6 5
1523 3203 31 757 9049 7559 9433 179 2221
3373 7853 6029 2591 8933 5351
1231 7901 1619 853 4177
10
1950581 1575737
80834717 5142737
5137079 4194829
104563 47635129
18277799 84590087
82727969 34850327
78151181 35433479
25496507 9760951
31543541 29906563
24440903 37313141

2 10 3
687 489
5389 1762 6534 4277 4675 605 5604 2084 5088 8048
567 900 5541
10
3935472 31051764
3211725 3704778
2635221 343035
2740356 4850100
8028432 15768400
39937025 7822647
6751590 3849525
28972538 1900455
3935472 2884896
6042330 65389368

2 10 8
3672 3044
7420 1991 5485 6012 5229 7595 1685 6680 6596 3840
7715 1232 7167 2043 8570 5634 175 3690
10
157584 44866965
15917076 8126272
22076064 42790230
19200888 15360565
3265416 5929980
2724750 13002444
24528960 294875
22586480 21634560
9389861 43168988
7743459 34206480

4 6 10
3725 6901 3324 4448
4945 458 7685 8640 1700 7599
2216 575 7868 16 1884 7689 6749 9816 4491 5944
10
53034185 58428711
538992 27051840
50205112 22085028
52440699 11473300
28719360 51285651
29287935 4276140
23447616 30285045
12785259 50019570
59624640 27200
25544940 22207995

5 6 6
993 9339 7152 634 4751
4710 1984 3212 9767 4277 2316
2646 4066 8171 3942 5664 472
10
16564032 7820928
33685920 9416856
60629024 36919204
58542750 27403572
43986690 9129672
43640223 3430930
12883263 22667592
4247061 18192768
39942903 8498952
3287221 62130068

5 3 5
8140 4884 9759 3698 4664
2186 6559 7878
7161 1266 2690 140 5391
10
30591176 11784726
47860020 9005337
40233226 13509786
30168732 6345696
36742992 15653946
57347055 14505792
33913776 2392704
17794040 42470298
32034156 5880340
76881402 918260

9 3 5
4125 913 6549 3737 9442 1058 1106 3212 4930
4432 3413 5079
6723 1864 3029 2648 1583
10
32225546 13424528
3451448 66036367
61437654 49164831
32970231 15706474
3774778 13424528
16562384 9467256
5373582 13424528
54748942 10373208
11698683 6349200
3610954 15384291

7 8 2
4013 1307 9283 2087 523 4421 2777
193 6737 373 3671 3137 8863 1087 5209
1931 773
10
6821603 55760863
7661377 5207701
16229491 4026557
14060119 2837683
4362131 2424901
62206187 11363039
2136791 5846671
17426009 17663671
2488303 22257857
4805627 288329

8 9 5
1699 8563 733 3889 7321 4297 4241 1489
9697 6067 1847 2203 2153 761 8933 4357 9397
7873 2393 5939 6257 8707
10
37884853 57590483
44887699 4311397
1508161 54653839
23906537 4735021
25072129 306373
41668009 10969333
4447111 55808783
41124977 53053087
9342923 10426301
52391771 6456227

6 10 9
1602 5395 8766 9608 6574 374
4304 9454 7737 5444 7890 2437 8458 3116 2951 5207
5306 7975 9900 4584 8502 8228 8102 5164 1293
10
12639780 51549300
267716 73703682
68513370 4640136
1609696 48820456
3904074 26492232
45644562 43415900
4727502 67452550
33864096 59158162
16597980 63462352
9888200 41364641

9 6 2
4237 8707 8690 650 6482 7890 263 6241 5693
1262 2730 1021 7036 8617 5940
4201 3945
10
36510229 10769850
11746350 18814026
55855394 4027845
65996272 16159572
5347094 36200017
55514040 4289221
9957180 33994065
21029580 58615895
18970839 34568348
10383100 34086904

5 6 4
1097 6131 9829 4157 7417
43 8231 3257 1307 571 7867
863 9859 7207 7369
10
80902499 9419549
77324743 5629489
47171 56697469
3500801 309901
7931839 1385
27298199 22602743
34216267 6789221
16969387 84529
1455269 371201
19539497 174089

1 2 8
9161
5651 8597
1609 7649 5231 7369 2399 631 5011 6833
10
2932157 20805997
78757117 29560381
78757117 38613283
51768811 43079567
78757117 41642219
78757117 38613283
16586851 89186327
1290217 44901781
1426037 21477191
2907439 2882689

6 5 7
9473 4799 3889 2887 359 7457
5297 1559 4567 461 1657
3389 8803 2131 227 1459 311 617
10
13184929 5283451
4181689 39756791
15291491 25636379
19247999 5382803
4844699 5725831
33807419 16962229
3437677 515327
34056119 5615573
15292439 14586571
20600033 284437

10 4 1
8872 4059 5643 1106 1678 898 1278 4314 213 7141
3933 3458 8383 5247
9071
10
17189808 78736590
11778776 31109344
30857827 10407642
7519800 10145520
1785579 35676243
3531834 31367518
16966962 76042193
6599574 31367518
17849112 20802465
5802524 47595537

2 10 5
9268 7697
3420 2692 9179 2798 9536 2307 9126 4655 512 7890
7248 9449 7068 1275 2442
10
1089396 12079694
43142540 652800
26323740 11367510
37000425 15858680
88379648 10059750
15063636 7212790
73398592 22415118
85070972 3432300
15931557 2672460
33495539 3007295

2 4 5
1704 2478
4498 5087 6159 2169
2749 4124 5686 4136 7002
10
5374782 31494996
10494936 21039832
49758600 22073976
5374782 31494996
10494936 21039832
31517469 5003024
1305246 7735804
13161765 34830972
5374782 12365002
1440208 18038108

4 4 9
4146 5657 5006 6350
6969 9139 3992 1135
3353 881 7573 1925 2229 1566 9393 9836 7561
10
56376951 11389198
59950674 600054
18152658 861080
6420695 23367057
58032650 65459817
6195420 5820327
6420695 6251472
15750896 25652094
16550832 8595355
37890294 39265312

5 3 2
2141 2903 9811 3079 4261
2411 6553 3877
4421 1669
10
38037247 10936957
10472551 33742691
64291483 6470713
2053999 3214219
20176687 6470713
13916057 46079651
38037247 10659031
26220739 32351827
11937283 10936957
25545959 40691741

7 2 4
1987 6101 2377 479 6337 1949 2141
107 3847
9719 947 6947 8923
10
23470547 101329
7497803 101329
7497803 954761
11372311 5349473
212609 34326781
350687 1595371
41582063 23127683
88001561 31900997
26971573 24943351
229087 3643109

8 8 3
6763 5981 4481 367 7237 6361 5903 4447
5059 599 1493 6661 5023 647 5021 8081
4019 3067 2767
10
3928181 7337623
42467459 158377
3535897 13898641
2444587 2407381
32092051 8511623
49186531 22289177
9959681 1106327
39839441 4579031
39319883 6000367
22499101 4131131

5 8 10
373 6356 1186 3636 6469
1225 4885 8309 2844 8994 3825 9115 3221
1678 7641 7225 7922 2054 2041 4904 8058 8028 6707
10
3784886 31817628
45774260 19771735
418572 26571888
57069750 56771925
73933332 31047632
33142140 8850625
9854474 22530168
456925 27635625
1822105 63489069
10810390 24611661

6 8 5
1666 9392 6168 6951 1119 2769
1142 5926 4272 5438 9853 1572 7141 6370
3990 1791 6817 1165 5650
10
92539376 2045322
20937912 2509990
33541584 67167901
1759068 17646723
1759068 4976880
8318084 5786750
13526010 41775877
8820960 46286964
27051075 35131304
7990779 40397542

2 9 5
1993 9787
8123 6481 5519 1567 8863 2837 5653 4519 6701
1753 2713 2459 9431 1013
10
11266429 1587371
10999367 15336589
11613881 51809683
13355093 13571221
16512317 40692683
9016531 36895009
5654141 6565253
16411771 1245221
3123031 14239619
34169111 28160941

5 9 9
1523 1965 6668 9299 5800
1721 2391 6239 3134 1449 9790 7342 318 8268
2991 1634 2136 3519 4890 2848 585 1697 3097
10
4773082 7151481
14427030 29095092
58016461 4295070
12542346 14907200
2206827 3649815
32096898 3664908
14707110 8683540
1844400 2812114
48339126 30335576
15137310 13545912

9 9 4
8693 1621 139 6833 9281 6997 6337 8737 2521
2753 71 8179 7253 2287 461 439 5023 1427
5479 6269 4099 3499
10
1136881 2890009
6940313 2525819
75909299 31489187
408281 46679027
3225617 2405281
35011391 47224259
28434001 65552959
920681 25503139
3816227 5849273
344803 57901169

5 2 6
2917 4973 661 7129 5279
4441 7757
691 6397 2663 89 5113 5393
10
5127377 11826383
22627169 28409077
2935501 41833501
1366033 53249333
35792839 13138273
60322751 9733859
22627169 11826383
14053379 1530821
5900033 34168063
5127377 3068731

4 5 6
3013 8503 3848 5375
3892 1343 6339 8469 7502
7054 8192 7270 3586 8319 860
10
26421928 28737762
302358 45701796
5203605 36701640
3361392 1003000
72011907 52734141
34072125 70453611
54895296 15934369
7218625 7283340
5167864 54539540
20919500 46084530

6 2 7
6689 9883 5783 6449 5669 6521
9227 9941
9491 4591 5801 127 7673 5581 1783
10
91190441 1262507
64167461 8411771
52307863 94350031
64825261 16451741
40859087 27652981
40080811 69431231
60800231 58783
52307863 45639131
24701623 3284381
56355529 1171829

1 2 7
6164
8923 8348
1753 2135 1843 6783 4117 5438 151
10
53837535 27133946
8870674 37317596
55001372 14634044
9115470 10035259
51457072 19050605
51457072 36735991
55001372 56624484
51457072 48523274
42367220 1330758
32790480 44926737

1 9 6
7469
6538 2398 4340 9830 2341 3433 8092 4846 2872
7570 5248 5313 6149 4369 9294
10
17910662 26692368
38971264 46694686
45575712 1478155
25641077 40335960
17484929 25987810
14379228 43302736
2035568 13594602
2628436 2027349
21450968 42947270
60439148 15072256

10 5 8
7163 5957 5924 9816 3036 1255 6484 4207 4364 1792
2164 2989 1576 7162 2798
9582 9852 5398 5660 3740 8255 943 8493
10
42664034 15836680
13569639 25947680
15458508 22416510
1865178 39449150
21241824 10464520
4478565 24290352
12574723 12248240
21743832 18378852
25904076 39440676
12210472 21319728

3 7 7
5715 9699 3894
9802 4878 7306 4986 4625 9840 5075
838 4402 5354 7962 8758 8003 5952
10
7466704 14630032
21306650 2463232
38316960 20359250
2520000 64692054
18781110 2357306
19415484 44446850
41753790 29033856
19762050 26116812
49222425 40505750
16762336 9519480

4 6 5
6469 1831 83 3347
1913 8089 6781 1709 2459 9109
3637 1889 1223 1741 4789
10
14139107 30076429
6402811 38738221
20640377 8416847
19014469 21651577
147713 4822739
141847 4645051
52327741 8293163
11055521 14082949
204097 11140307
2148079 32205119

6 4 5
2652 9639 8180 6901 7187 2879
2565 5440 6502 9347
8568 7132 7854 5274 3312
10
2703272 41692294
39097280 20145510
19974028 20768148
24724035 28690560
1240663 47292387
18719258 18017280
3399719 48597237
62672778 42725760
32525490 2815057
64503647 46372264

6 2 1
1043 7948 2996 2977 3802 4308
4458 2628
1211
10
9968154 25791018
6878970 4848230
20887344 5398638
19205064 3182508
3340305 27430953
7777800 27108930
20887344 5398638
1594600 2472600
4649694 3182508
35432184 3182508

3 4 9
7949 6007 8111
8447 4111 7541 2693
5711 883 17 6997 1609 6329 3617 2659 5021
10
1383049 2296769
68513617 28764667
21842923 20051519
32678339 22460573
61165051 30552799
21842923 3630013
4039337 7619467
7879337 44438773
10797779 13629383
6731819 45452039

3 2 9
8659 507 4781
3363 1714
5610 8665 9494 4896 6209 8407 527 4096 1293
10
18707880 28766748
868998 16465248
8194634 13774848
29120217 14409598
21430413 28906724
8194634 1772301
1705041 8391744
11003904 30967490
8864492 2667240
1720962 355113

4 3 3
5708 9333 7558 8987
2073 2079 5137
2101 5677 9658
10
49056485 75292932
46166219 20021034
10402164 3778992
19347309 4367979
15667734 49613146
47943621 11802483
71700972 10587356
11832684 4367979
2735775 50481750
3352622 65214632

1 7 8
4751
7573 1301 2339 3449 31 6883 6521
5623 4721 3121 1549 6491 6977 8803 1531
10
147281 13152197
39655003 12199793
32701133 47461
11112589 44677553
59850671 32986873
35979323 42327811
56942203 69751777
147281 42582979
40278191 14866591
1905209 1358839

10 10 10
379 2089 7963 2837 5443 6079 2999 2819 4079 4967
5059 1063 7151 5987 5591 1193 5927 6829 9187 2251
6959 9397 2087 1567 443 4297 3919 4463 17 593
10
37170247 4567711
6672451 5074019
47058731 74049967
25128053 116093
20862823 767519
2989891 8908447
4335977 36003853
9826741 26951161
30431813 997193
47196701 4240543

3 7 5
7054 4405 1795
7051 2883 5936 3782 8156 760 1872
9952 1295 7231 1127 8197
10
4574700 15858414
1327445 1305801
1783500 66501
35927180 856520
10655120 13536432
41872544 23631951
3564432 27035424
5632658 40806324
31059655 7687120
20336682 48657392

3 5 10
967 95 6092
7311 75 4834 1072 1742
6400 1094 8158 912 9269 6086 1948 8487 6233 2484
10
44538612 1588704
74345376 26318304
14288295 1254825
51479505 5026371
72525 1172768
7125 14784354
7125 12007656
17539944 70368
10815706 86592825
29448728 82050

4 6 7
8026 2781 5667 3231
871 9362 824 3595 1377 7065
3901 8323 5717 8318 7016 772 4271
10
2814201 58801995
21159084 4076886
10788360 9240000
19647765 6110936
4669608 7244978
22827015 4979507
37479750 50817344
35976126 6911975
53054454 3214424
26208432 29297685

6 8 4
3583 3594 9057 4532 5236 5230
995 4316 335 4589 3274 1656 3947 8690
6359 7762 7768 4353
10
16442387 30636614
1393632 1673616
45448700 2600270
28692546 52587948
35747979 35647352
3557474 24556224
65932504 42765085
49602511 79980495
3576030 19975917
1200305 30660296

1 4 4
9114
2773 9420 307 9961
9521 1336 4708 3322
10
85853880 1445356
25273122 1019854
3414046 14080429
45780102 14807070
31192480 9846408
13471074 54343710
25273122 1445356
85853880 410152
10763103 22317746
25273122 1019854

4 10 3
456 7568 1259 1190
520 5338 151 1573 4580 6756 5899 6469 5667 1032
9941 864 2223
10
3173184 10906182
40397984 449280
1980407 12597741
6720542 5837184
48957392 5096736
44643632 1359072
49006852 49917331
25643655 6624408
95645900 65717015
29697440 33574292

6 6 2
8863 6971 709 5227 1601 8609
19 1319 6091 4937 4517 8039
541 9901
10
9751691 44722817
21122593 4638703
1366363 7110799
51963539 2539291
6894413 10279
20553409 4114727
9751691 4349099
41930327 5237587
31488007 60306991
9194749 10279

1 7 8
2230
9855 7366 8537 6816 1486 2059 8702
3291 6691 2370 4077 4456 6401 8142 4185
10
30592478 33841692
16426180 3521820
15199680 20623740
288162 1404557
4591570 59973972
10496640 5137792
58292836 68295381
15199680 8616915
15542800 2799468
4591570 80239410

1 6 8
774
2519 7986 9225 333 7988 4204
870 8494 9758 4762 4002 5062 9553 8686
10
6182712 24064007
32049875 25640230
7140150 21396386
3253896 38029332
3253896 40435256
48457458 7075173
6181164 2828502
11395500 35927300
6159776 8186932
19648128 53223976

4 4 1
8016 6909 7809 5786
6334 1182 4757 8095
1424
10
37147413 9019616
63213855 6773968
64366581 15445096
6839052 11527280
38654370 5190724
10150485 8041731
6950104 36398121
26959471 46398852
38132112 11527280
46837670 6773968
