100
2
200 100 100
2
1000000000 1000000000 1000000000
2
1000000000 100 1
2
250000001 0 1000000000
2
7935935 1295695 1072122
2
3959478 1344664 1413810
2
3182065 1908981 2402064
1
6843189 5857314
1
2676279 4168879
1
1594923 1914185
1
3408910 1255048
1
8524019 4450409
1
4909789 1986521
1
6339255 3373826
2
7464467 6230425 1140423
1
3740878 5889722
2
8079715 7619737 1051550
1
7736661 8042361
1
3140384 5526785
2
9266606 5434546 8200173
2
15248024 6004126 8216626
2
9035346 5777266 3813852
1
6995402 3901912
1
7602646 8770448
2
12502505 4118438 4322394
2
13295110 6313870 1544952
1
7265581 9583019
2
6106753 4274719 4509563
2
8362716 9500259 9176594
2
8734796 4443092 1123694
2
7537743 3628040 7389468
2
6439064 6709784 8264535
2
7713650 2595496 6482187
2
5445689 5171126 4710601
2
18262061 3698277 1308730
1
6084132 5863624
2
7414408 1394791 565697
2
10037221 4221176 4026346
2
15011502 2094934 718457
1
5889747 9005424
2
12711462 4557713 9395431
1
8860804 5397782
2
12927674 7789175 2532603
1
2322206 3563304
2
13783804 1550932 297119
2
10093818 4788942 5173582
1
4261218 7396465
1
3227502 4770509
1
3178137 5052682
1
9948507 8861432
1
8610569 6402389
1
6873437 8965466
1
1122298 637886
2
6827317 7700263 7210976
2
16273347 5267539 4260727
2
7505540 2218025 173724
2
14918229 1987274 1266130
2
5060076 7308728 1982397
1
1827254 1589155
1
5321163 6689321
1
7415375 8073273
1
5029539 4622006
2
12798405 2112932 225630
1
2101603 1805454
2
4118727 3937462 5090667
2
17499114 4396614 2155784
2
6979221 6724328 2829937
1
9288076 5389948
1
5890102 1768974
2
7654849 1591684 9490960
2
5509472 5587485 4427625
2
5094423 4408067 6533401
2
15559325 4926399 1631215
1
7660585 6275035
1
2733339 3828773
2
7512184 2104180 1372484
1
5921765 8347622
2
12161189 3421352 5213435
1
4722186 2273686
2
5133745 5473359 6073247
1
1326726 375577
1
2561288 1766137
2
3977057 1336290 5641881
1
3719776 5840945
2
7271619 8773075 4749911
2
3389686 5472239 1052343
2
17361695 3591523 2101495
2
8359936 4350341 2651076
2
9405691 2725111 910730
2
8132818 3737231 9153313
1
6415488 9930587
1
4011291 3354191
1
8127808 3578854
2
17851099 3319426 1126046
1
5858241 2711143
1
3155249 4789620
2
1672109 1727465 2034848
2
8247279 3457151 1005734
1
5282779 8182486
2
4303543 1631259 2079505
