10
100 100
16 5 957
12 34 4
2 11 474
56 79 184
5 82 3
96 57 6
78 45 1
0 28 1
86 18 3
8 26 7
99 3 10
45 4 3
96 61 2
94 25 318
0 1 925
75 18 933
31 4 333
10 14 1
94 91 336
54 99 3
40 93 869
70 84 848
30 19 125
23 26 3
67 99 2
62 18 5
44 28 2
51 41 547
82 80 389
20 43 1
69 55 339
12 53 945
36 62 3
10 3 2
38 33 497
99 7 4
5 72 890
32 48 750
71 27 547
56 60 7
15 75 772
57 62 4
39 62 5
79 83 392
74 20 8
50 0 8
14 48 451
42 33 585
37 40 210
5 44 4
76 35 33
56 51 2
6 58 256
3 2 591
56 3 5
64 45 2
21 30 80
69 49 860
73 52 608
56 24 10
45 70 6
70 9 412
88 33 796
98 45 6
76 89 899
17 28 928
0 87 3
63 24 480
30 35 982
68 74 74
80 22 350
35 5 6
28 99 1
27 63 921
62 20 1
8 59 5
1 8 911
62 47 533
20 95 5
29 97 503
7 46 5
12 65 182
66 33 643
57 73 9
23 44 1
28 13 10
22 49 37
25 90 868
70 77 117
57 85 43
29 39 829
7 92 8
37 39 4
20 81 5
45 12 3
46 45 7
57 25 307
58 46 574
57 0 2
33 99 9
100 100
0 70 9
24 97 694
62 17 8
54 34 9
70 74 3
23 90 470
28 53 7
80 6 979
38 14 5
89 72 248
53 23 3
17 37 7
87 98 5
9 32 921
40 20 9
59 67 10
22 46 624
79 68 813
93 95 974
99 47 5
64 8 9
32 73 181
93 13 423
42 49 419
86 71 8
35 3 626
20 87 6
99 52 127
15 21 3
92 14 8
15 61 6
3 48 85
38 75 254
14 70 10
34 55 117
12 55 146
31 56 832
4 10 313
36 70 10
14 48 1
34 27 4
6 10 299
47 81 502
94 25 140
85 51 299
0 98 1
60 98 973
64 27 1
22 76 967
20 83 4
82 51 815
45 22 919
41 84 675
2 42 162
27 15 9
89 34 1
91 34 89
49 69 10
29 0 10
36 19 922
27 59 9
89 84 8
87 39 10
94 98 10
78 66 304
33 40 10
63 36 23
32 34 7
26 89 275
78 17 4
58 0 6
53 68 10
39 71 2
17 49 10
1 15 489
14 46 935
65 46 351
38 88 927
4 53 6
47 30 504
24 77 85
39 50 731
98 7 233
82 11 509
0 1 526
31 33 1
13 2 784
39 89 7
15 99 4
43 98 147
96 89 890
16 71 37
51 57 376
18 91 889
77 87 4
86 53 9
5 27 212
62 82 7
0 78 4
44 14 5
100 100
60 61 8
93 65 1
57 3 953
46 39 10
60 19 7
98 5 2
82 20 3
55 85 6
57 51 979
89 0 9
4 93 3
97 12 818
19 78 10
85 78 10
96 19 3
62 44 23
58 31 4
0 84 515
16 33 965
82 41 9
37 75 330
89 92 286
16 97 8
10 41 4
13 16 5
95 8 7
43 95 1
17 74 9
86 30 922
26 43 6
0 43 7
54 29 732
48 38 954
16 36 3
9 80 564
69 4 269
78 2 807
68 74 648
37 55 7
53 26 9
79 36 467
77 67 828
73 96 174
53 34 316
32 27 971
90 64 346
0 72 776
15 67 226
6 59 6
70 35 10
98 86 6
14 59 230
87 19 537
44 17 961
39 82 7
25 18 798
78 65 7
56 29 305
25 40 647
19 0 7
66 4 986
78 16 8
74 19 2
71 38 589
46 0 8
13 3 9
89 88 758
31 47 247
31 50 230
49 94 397
11 97 187
44 7 930
70 6 9
38 43 8
52 10 316
9 98 9
91 16 617
81 82 688
76 38 1
96 23 286
85 6 10
64 38 5
14 28 881
18 42 308
1 82 985
49 36 1
98 89 1
45 58 9
77 99 52
32 20 5
21 16 489
58 16 9
48 24 957
5 25 3
26 29 7
47 63 345
99 43 10
1 0 1011
74 22 464
83 81 4
100 100
27 73 82
70 86 765
55 74 459
35 67 6
17 46 650
10 54 7
47 12 277
10 20 179
22 39 3
17 75 842
14 96 2
54 48 4
58 53 5
19 25 396
13 93 3
61 21 5
73 37 625
71 18 5
1 61 360
17 61 1
29 60 5
70 62 275
87 89 9
28 17 632
63 42 273
0 34 9
66 52 9
2 33 622
18 92 10
86 91 100
35 80 4
72 81 178
80 77 8
40 14 9
6 48 204
37 18 8
7 5 488
95 30 181
16 4 692
60 5 10
44 92 9
12 66 4
36 18 7
45 2 439
22 34 10
87 10 4
80 83 3
26 59 61
84 25 4
2 51 825
0 96 7
0 44 5
76 47 625
69 43 4
23 86 167
24 70 656
88 52 408
50 65 705
0 64 7
78 96 8
79 55 538
3 39 104
29 50 945
34 93 4
64 56 92
72 99 682
66 0 10
71 8 809
44 58 7
18 30 775
90 53 44
72 57 260
58 42 1
37 86 5
11 64 226
15 18 919
92 16 2
25 9 137
92 72 983
41 82 983
1 0 383
29 77 6
61 82 550
85 86 364
42 69 7
54 31 2
25 35 9
42 21 5
73 45 480
43 26 9
38 36 966
0 10 8
78 98 250
10 97 4
45 32 298
35 10 10
97 68 3
69 49 261
34 94 168
55 80 5
100 100
62 64 9
33 22 3
75 14 741
0 14 10
23 97 449
91 65 499
14 18 7
11 99 887
77 62 8
80 85 1
15 87 640
41 36 5
24 19 43
14 99 2
14 33 3
98 27 8
95 48 134
56 63 5
4 79 753
39 20 153
72 96 928
30 58 237
35 29 2
44 23 9
14 71 2
66 2 866
22 7 484
92 27 450
34 22 1
33 45 4
40 27 1
70 94 230
66 43 639
43 77 31
82 51 9
58 60 949
51 6 4
48 91 206
49 80 5
2 26 798
29 15 101
34 58 9
47 73 10
95 50 408
47 6 4
16 51 8
70 0 1
71 51 3
7 89 885
51 24 8
76 85 3
24 44 5
80 0 7
35 51 9
83 80 870
96 31 633
53 8 9
12 68 10
37 80 999
80 46 10
76 10 966
84 4 369
25 85 5
46 50 9
21 35 569
54 70 667
0 56 5
54 55 949
53 46 6
73 5 1
17 58 6
6 64 2
13 51 694
3 39 252
12 52 72
28 98 4
60 90 830
4 72 834
67 5 62
57 0 492
48 88 571
36 70 1
68 81 2
3 93 91
74 45 749
42 64 2
24 96 9
33 9 941
86 79 367
22 1 568
85 68 2
0 1 584
5 59 18
54 3 501
78 33 1
19 38 675
69 5 144
45 61 4
27 56 9
32 6 315
100 100
46 90 2
8 21 516
89 30 7
7 49 972
14 4 960
83 41 711
65 57 751
13 36 7
72 66 8
38 22 5
14 51 318
10 97 10
86 0 4
54 9 1
73 41 115
89 25 7
0 46 1
39 68 280
71 87 2
13 28 2
26 47 72
12 89 926
93 83 5
27 2 2
85 97 2
83 0 5
41 78 585
79 77 132
60 23 507
63 14 765
7 9 8
96 46 1
37 83 2
36 4 7
0 1 503
44 11 110
57 13 3
54 11 7
32 92 804
91 63 51
44 55 401
28 18 1
2 88 441
25 40 7
54 0 4
67 6 649
9 35 45
86 3 1
88 94 385
82 13 301
40 59 966
24 26 195
98 32 735
71 61 6
5 32 886
69 3 3
19 77 7
66 62 252
33 80 269
64 18 1
17 60 4
26 28 9
34 88 400
48 50 6
57 19 7
71 99 80
29 83 4
10 93 10
22 64 9
67 70 705
72 7 9
16 60 990
26 56 104
6 45 268
71 95 859
48 84 467
52 99 664
60 0 8
0 8 716
97 43 860
81 48 4
67 46 7
86 89 4
80 48 98
76 87 107
75 72 716
86 2 8
46 32 10
34 58 544
3 53 504
50 26 6
86 71 1
74 90 691
68 9 458
14 42 340
27 1 488
18 0 10
67 20 2
75 15 664
31 36 5
100 100
18 81 92
59 10 249
12 32 835
61 2 3
31 88 963
27 10 9
70 35 677
76 0 307
57 13 360
9 83 500
32 7 21
48 58 5
48 57 3
8 11 2
56 90 5
34 5 8
71 57 2
67 36 277
90 60 834
48 11 9
49 48 8
79 61 796
84 9 7
64 88 7
23 22 12
91 48 710
48 90 10
46 42 881
62 39 191
84 25 6
92 29 661
54 48 9
22 33 8
78 94 119
16 11 3
24 1 612
93 6 80
84 65 761
43 34 3
0 37 3
18 28 974
53 86 825
6 25 220
62 57 93
57 27 6
92 52 543
34 52 6
91 36 77
7 5 2
14 33 202
3 10 553
20 94 625
97 34 36
89 72 622
48 99 1
82 33 4
54 70 6
86 7 298
5 0 10
50 17 385
73 10 385
54 2 10
41 48 4
54 45 6
15 86 880
87 77 2
70 96 578
44 0 279
88 4 10
80 89 10
24 98 9
24 5 1
0 57 6
2 55 15
7 66 888
75 55 158
0 77 8
95 77 363
21 10 4
98 26 10
28 48 4
80 99 2
3 47 262
63 92 259
40 99 10
84 99 8
38 9 239
71 30 646
7 69 2
68 37 801
22 5 6
5 17 5
19 4 7
78 5 980
51 10 84
10 42 2
57 19 9
52 74 473
4 85 6
0 1 624
100 100
49 33 674
14 75 7
10 64 3
97 49 4
36 86 927
66 13 994
24 2 8
5 36 165
45 38 551
94 96 864
33 28 1
92 81 516
37 18 188
92 80 1
80 98 560
14 50 3
22 71 544
57 36 130
51 66 800
5 14 8
32 7 96
82 24 5
45 97 7
80 90 10
24 49 6
91 78 15
79 29 10
54 49 5
0 13 9
10 14 7
77 24 5
15 0 5
12 80 4
66 52 684
84 15 93
12 60 5
67 54 489
24 0 8
59 24 2
21 74 2
95 26 223
58 31 849
94 11 185
34 26 333
68 90 10
65 80 883
4 54 6
39 42 10
34 0 9
93 82 8
63 82 410
16 89 774
20 78 683
43 21 4
94 72 920
76 74 309
53 34 639
30 58 8
23 54 9
15 48 340
67 70 153
8 50 6
77 69 957
22 40 7
49 19 9
27 84 176
96 14 8
24 55 963
46 21 2
62 15 4
22 18 554
25 82 70
34 88 10
17 88 729
2 44 884
34 73 487
85 88 228
24 47 9
0 7 1
20 4 29
87 94 134
17 99 143
29 61 841
34 89 1
22 1 902
39 90 1
59 83 1
37 35 667
10 41 3
89 79 10
6 7 788
34 21 3
36 9 230
2 14 1
3 82 316
56 5 580
89 92 4
0 30 7
1 0 911
0 22 8
100 100
37 73 2
66 99 3
91 52 815
54 47 8
72 28 3
93 44 811
61 65 26
53 80 379
53 36 5
28 88 1
25 72 131
86 52 222
56 41 124
35 25 117
9 14 100
46 47 3
75 37 8
37 7 6
43 93 291
11 71 749
75 83 10
96 87 201
7 9 1
12 18 638
92 55 331
54 17 6
15 50 68
39 89 441
37 21 10
35 22 878
16 99 3
16 72 8
16 70 10
37 29 10
81 70 686
8 95 366
76 87 9
19 29 8
77 63 480
47 7 9
41 15 6
8 20 123
78 52 578
79 37 413
97 67 9
82 40 36
30 45 749
47 39 5
58 26 6
63 23 584
7 72 5
54 33 8
69 72 7
24 45 6
15 37 7
18 94 9
31 73 2
75 68 889
90 70 9
73 32 5
18 59 4
53 98 220
18 23 46
84 82 241
71 15 5
20 97 615
19 1 727
52 36 7
42 35 5
16 36 4
13 76 636
85 29 4
51 96 530
27 99 396
59 73 5
19 62 950
92 41 7
60 71 161
60 2 902
97 96 302
6 87 70
42 82 6
75 0 88
48 88 950
10 36 6
26 35 6
34 49 898
82 5 788
90 57 927
38 7 449
44 32 616
42 3 2
49 35 254
26 72 8
51 74 541
76 54 9
24 88 3
4 90 289
65 29 7
64 88 6
100 100
36 33 2
48 74 817
44 66 493
19 99 4
5 29 6
90 31 4
36 52 373
78 10 732
6 82 5
29 81 5
1 29 692
48 71 53
51 61 328
0 82 3
38 33 9
34 41 6
7 26 513
21 14 273
38 21 497
72 32 216
50 61 819
9 34 7
95 81 657
39 53 49
85 34 8
54 16 8
30 17 570
39 34 4
29 90 5
94 28 7
51 8 423
37 33 7
94 0 2
64 97 9
50 86 309
23 15 623
25 27 5
88 75 458
3 50 7
33 64 6
39 68 980
11 55 548
81 63 896
28 60 7
75 87 10
0 0 1
71 29 5
69 71 109
41 67 728
80 62 744
65 79 244
15 11 4
18 29 10
92 36 2
94 75 7
91 45 433
76 19 9
49 31 423
73 41 221
57 99 479
78 35 967
77 82 9
16 70 3
54 58 9
36 72 639
47 85 368
90 70 7
62 31 832
20 89 1
5 11 10
43 96 895
84 3 3
40 86 650
0 29 10
76 78 10
0 33 1
0 30 2
83 77 833
12 16 10
59 0 514
46 19 10
25 90 3
79 82 9
89 34 7
34 94 1
98 69 83
25 66 469
34 3 3
4 92 683
26 56 469
93 28 10
24 77 58
20 45 491
22 72 420
9 2 2
79 7 335
76 94 2
97 42 522
39 96 638
24 13 735
