10
100 100
3 58 10
98 12 6
55 57 1
33 15 697
75 58 10
64 96 7
52 99 48
90 81 5
66 45 10
77 72 7
69 33 407
78 18 558
10 15 1
29 21 997
46 53 795
50 9 59
86 40 10
7 35 541
92 96 4
86 96 5
24 60 464
43 85 925
79 56 258
72 53 1
12 31 1
34 83 506
39 89 579
1 34 300
90 35 563
60 81 373
59 3 39
21 96 1
99 36 9
34 70 9
86 12 9
31 57 10
26 90 2
7 38 117
16 34 654
15 32 518
12 45 8
20 86 8
10 48 1
54 12 758
68 12 4
27 50 812
86 90 1
18 81 9
70 86 2
30 45 8
94 80 353
21 88 960
86 5 10
84 39 446
0 1 320
14 86 4
10 22 9
37 94 992
41 92 734
43 57 6
62 74 435
91 68 244
13 44 3
64 13 9
19 71 3
93 20 540
63 37 924
97 49 140
0 94 6
82 90 691
67 12 8
11 13 345
50 76 162
74 58 6
23 72 2
13 42 789
8 19 495
61 50 636
86 17 558
79 44 699
47 33 600
51 71 806
87 28 186
62 73 908
19 98 4
86 0 8
95 97 212
70 15 5
53 15 6
39 0 237
6 12 8
86 65 10
75 4 460
3 25 817
97 45 6
50 20 7
64 87 44
3 0 6
0 2 156
36 0 4
100 100
97 18 920
19 55 224
76 92 8
35 57 4
38 83 1
58 5 103
91 64 917
75 8 899
21 26 911
8 70 9
65 66 357
50 79 863
33 54 2
58 30 834
24 11 448
49 12 34
60 22 322
6 28 531
20 66 4
72 3 737
96 61 1
1 3 500
2 28 498
57 85 8
86 61 9
4 24 623
76 61 10
48 51 664
23 62 526
71 76 984
85 93 7
19 29 622
21 88 345
9 6 157
54 13 705
31 59 3
38 73 1
99 64 914
32 27 8
39 59 7
14 39 159
6 3 1
54 53 4
32 86 9
54 8 1
40 42 3
92 68 905
16 54 4
94 83 7
7 87 444
54 37 709
76 0 4
44 76 580
27 63 514
27 34 264
40 0 5
59 23 3
89 93 521
77 73 551
39 56 730
58 94 10
31 79 10
31 83 7
45 60 1
76 20 1
78 43 666
16 67 24
45 54 8
36 76 6
83 0 1
80 58 8
21 85 3
25 96 5
58 84 10
36 15 880
48 92 106
10 89 436
99 58 8
98 99 939
57 54 1
17 99 908
31 82 6
12 31 4
46 95 667
74 24 322
8 81 3
87 31 8
19 97 402
90 39 9
11 96 117
83 54 10
97 78 5
36 3 4
8 41 823
52 9 32
47 36 4
69 26 689
0 1 515
78 66 5
95 57 124
100 100
82 38 4
2 51 918
55 24 581
77 21 6
14 19 4
47 35 2
19 31 10
79 90 899
1 92 782
20 15 721
4 98 735
20 48 173
1 60 7
29 7 9
7 94 10
49 41 703
4 63 3
73 82 539
35 33 5
32 80 900
24 25 10
93 83 345
97 61 300
28 70 3
24 1 7
19 7 1
85 54 9
2 82 1
80 31 2
89 45 413
92 43 824
98 58 42
82 78 9
22 16 528
35 14 2
29 71 4
85 70 6
10 45 3
19 52 824
24 56 552
24 82 4
72 82 10
25 83 909
53 28 329
81 91 4
79 28 966
24 99 4
72 30 124
10 35 1
62 19 74
86 2 1
74 63 2
40 34 699
46 37 546
82 84 841
41 78 10
39 78 540
23 73 132
0 99 8
77 63 4
42 24 840
36 11 834
50 36 938
42 5 22
74 57 74
8 63 441
99 63 8
16 95 894
9 61 246
36 75 568
56 68 539
38 22 1
18 71 4
2 76 94
64 96 3
68 18 4
80 37 500
29 24 1
88 6 333
75 68 3
13 84 868
96 65 471
81 71 9
64 17 236
75 66 4
31 87 951
22 64 7
69 31 7
3 32 664
2 28 5
59 31 1
61 81 509
44 38 888
12 22 827
26 85 4
74 67 9
41 88 188
68 27 8
34 59 61
24 20 3
100 100
62 53 624
28 55 977
39 72 1
51 40 763
13 72 1
93 70 481
26 57 985
66 3 980
75 44 482
30 69 241
60 92 3
59 63 2
53 68 5
86 45 505
82 92 883
39 8 345
27 97 3
28 31 7
29 33 342
18 80 498
72 73 3
16 32 9
52 23 437
66 12 6
53 58 8
97 74 118
83 68 8
7 47 696
23 67 272
16 94 747
96 28 3
15 17 3
95 4 10
53 11 1
96 45 496
71 91 989
20 96 485
17 42 154
87 98 974
21 73 7
2 78 476
85 60 2
65 69 105
6 32 2
80 15 9
39 56 12
13 38 226
14 91 875
2 30 878
92 0 1
39 47 6
34 1 434
88 92 119
44 97 5
77 44 7
47 10 1
92 49 344
84 87 783
85 40 4
68 80 10
27 19 1
80 63 6
77 79 1
19 50 2
12 53 3
63 64 5
41 11 412
43 0 6
34 0 4
69 83 2
0 61 458
39 90 653
35 42 746
58 28 2
27 52 838
90 36 94
37 2 275
39 15 6
46 24 251
66 54 561
0 15 2
97 34 9
98 6 2
73 99 270
31 26 9
76 51 808
93 53 473
9 73 4
71 0 5
58 16 6
10 29 10
46 25 10
46 44 1
22 99 754
43 4 5
81 4 8
0 1 439
10 48 607
89 48 174
23 5 21
100 100
28 16 371
94 52 422
21 27 3
31 2 7
12 14 5
41 0 6
46 82 56
79 55 417
55 32 646
98 19 264
44 5 727
86 51 387
36 70 94
56 73 602
12 57 10
95 49 6
54 13 516
0 47 7
76 77 37
49 16 3
17 11 5
37 61 923
86 21 603
26 42 891
88 26 155
20 12 3
3 87 919
57 35 170
15 6 10
41 75 8
27 25 154
44 48 369
85 55 9
89 35 516
7 83 201
14 67 6
33 96 4
72 22 956
18 75 2
84 6 253
83 39 28
81 16 526
72 33 7
30 86 444
68 60 6
49 55 4
78 43 848
63 83 719
93 85 6
49 71 98
41 13 447
57 78 2
5 46 3
45 15 3
75 26 6
99 6 257
21 47 6
12 64 4
26 53 790
16 34 935
10 16 10
58 56 405
1 94 966
29 61 101
38 23 580
6 59 7
60 15 6
38 0 4
91 34 666
65 27 486
15 47 3
92 16 474
17 41 7
97 41 8
8 36 441
61 55 8
46 66 6
41 87 5
62 95 3
12 74 285
92 9 46
50 47 6
10 19 896
16 56 5
46 95 3
77 31 6
12 90 812
36 47 10
59 40 941
31 47 6
38 69 433
0 1 976
31 67 4
36 49 9
17 80 10
4 83 403
94 38 5
57 83 1
24 39 641
36 33 9
100 100
29 84 5
63 16 684
79 4 7
74 44 561
8 26 20
9 45 4
91 69 733
45 64 7
47 70 4
58 87 9
52 25 572
24 7 669
21 43 863
80 46 6
59 46 823
64 67 2
4 87 4
87 37 4
40 50 4
89 14 274
10 81 900
91 2 2
71 19 462
8 45 9
41 50 5
96 2 9
49 5 678
57 25 3
35 89 3
72 45 426
6 24 889
93 48 654
13 64 10
17 3 5
71 31 861
1 16 212
74 47 3
41 0 6
21 73 3
87 41 1
99 40 3
36 28 496
98 12 766
65 67 451
85 89 148
42 21 10
0 1 215
68 87 8
67 18 476
8 51 715
93 89 7
22 10 997
35 39 8
75 33 491
54 32 857
28 41 3
56 44 917
7 35 1
94 3 578
90 92 415
95 55 108
3 87 6
32 11 875
43 75 154
38 70 409
93 31 1
45 34 2
96 21 4
97 58 6
53 8 4
57 61 10
62 31 887
82 22 252
89 55 765
27 41 10
7 23 452
22 29 308
30 15 795
61 12 5
96 78 216
76 16 895
50 9 1
74 46 2
96 74 10
66 27 692
60 16 408
54 50 4
57 58 2
83 59 14
46 0 2
92 2 528
0 16 2
30 28 359
49 84 2
86 54 52
31 41 1
77 23 324
99 88 80
44 20 951
84 97 4
100 100
16 58 1
86 29 225
62 84 2
4 46 917
52 12 399
94 40 10
47 44 723
70 59 403
79 68 780
72 68 10
91 17 4
78 48 8
61 13 475
47 49 3
62 88 216
93 51 4
59 50 4
35 75 6
74 15 4
25 85 696
25 77 701
36 95 7
97 60 551
43 47 3
20 31 962
55 0 311
53 76 384
72 45 4
48 3 2
95 23 155
62 73 732
80 3 2
36 51 9
78 38 985
87 42 640
47 87 914
41 74 9
31 45 701
82 32 10
61 38 939
2 97 600
14 40 6
82 24 961
16 33 3
80 19 3
21 95 476
51 83 731
82 22 4
10 12 998
4 48 772
11 97 596
22 5 646
28 45 47
16 3 1
85 18 348
69 24 748
94 54 9
81 7 640
14 97 3
45 76 8
59 65 457
34 86 9
12 16 4
12 99 48
74 36 2
57 59 267
56 95 996
72 98 2
93 22 5
27 48 254
85 30 9
35 55 5
72 12 8
6 94 7
35 98 4
9 40 8
80 64 972
58 39 541
10 98 987
48 91 6
67 44 181
90 50 10
37 92 294
85 74 2
93 48 1
22 84 9
50 16 5
95 89 382
48 34 1
27 26 803
1 0 416
66 40 963
71 72 5
92 75 738
8 91 3
58 96 44
47 35 2
7 34 3
94 34 8
90 63 92
100 100
0 58 10
47 86 969
79 57 913
69 48 9
7 54 701
26 94 8
99 30 766
16 49 1000
75 13 10
65 20 3
81 25 3
69 96 255
17 50 9
81 90 6
26 27 1
77 47 4
45 40 3
58 69 1
20 67 3
51 63 16
55 94 885
31 29 1
67 18 328
21 95 972
14 62 308
16 13 8
11 0 2
24 77 5
8 34 80
41 46 383
0 1 212
59 4 999
87 81 10
0 9 7
69 60 7
30 35 807
63 48 999
20 62 2
33 78 20
4 24 7
66 64 577
83 64 656
66 36 107
70 93 9
61 48 9
47 68 805
65 69 6
16 44 27
67 42 921
96 84 936
30 33 436
27 79 9
39 4 597
82 97 6
76 37 725
41 3 463
8 97 59
52 77 4
3 16 657
31 10 459
64 88 328
48 12 9
91 81 3
27 22 4
15 57 343
19 5 540
4 71 6
0 75 5
58 98 5
4 90 4
43 20 575
13 85 452
21 43 762
71 6 131
53 25 785
1 69 201
81 7 3
27 58 10
74 56 476
72 31 275
64 27 3
89 61 419
45 28 7
70 22 6
74 0 6
75 97 4
94 80 103
5 26 462
73 40 337
64 50 9
81 45 6
28 32 639
37 75 6
92 4 345
81 31 2
26 23 636
38 53 893
2 71 4
91 75 1
77 30 2
100 100
25 17 5
89 70 569
42 88 2
88 7 5
84 65 521
0 88 8
66 56 375
69 11 769
75 60 3
99 8 116
40 24 8
66 15 4
47 75 6
1 0 970
26 13 570
72 93 5
39 53 979
66 68 3
1 63 961
95 21 451
20 90 832
0 26 1
81 5 7
53 67 127
12 10 9
51 0 6
9 61 20
76 11 639
12 14 172
40 9 880
15 72 5
53 31 417
72 96 10
52 24 207
84 90 7
6 88 784
81 75 7
2 16 4
59 81 5
50 59 9
71 45 609
26 59 9
63 0 9
97 27 856
19 82 10
28 51 3
59 95 8
73 72 9
26 67 323
84 64 6
93 12 6
74 72 778
94 49 594
96 46 4
86 5 132
26 22 10
84 92 7
83 73 509
5 35 124
18 79 760
93 8 2
24 32 883
24 38 489
98 55 761
18 37 47
26 69 145
71 0 8
30 15 208
54 52 622
46 33 2
4 7 939
57 19 6
34 83 697
43 66 157
90 72 3
58 72 1
15 0 7
0 25 7
5 24 3
87 37 74
71 80 10
41 55 264
55 99 128
37 23 761
88 91 7
62 27 776
12 3 754
79 33 21
49 46 894
70 36 499
93 77 319
66 44 7
68 29 10
27 81 10
15 2 6
78 33 492
36 93 2
71 82 8
48 70 193
85 67 257
100 100
95 35 6
63 33 1
26 47 905
82 36 657
42 63 473
99 69 658
16 17 822
98 82 2
62 71 643
26 84 329
95 61 7
96 40 87
65 0 218
0 57 4
79 62 961
15 75 921
5 69 135
27 50 3
21 48 724
29 0 10
72 41 938
99 18 249
12 25 473
45 33 8
68 47 862
72 81 8
29 52 6
51 49 873
29 88 5
0 0 1
57 73 1
61 26 56
24 99 7
90 31 1
3 72 38
38 37 2
43 4 638
37 81 10
65 89 66
2 96 3
64 13 658
23 29 383
22 0 3
74 8 615
83 63 85
78 31 9
0 1 190
44 57 7
59 60 6
35 0 8
6 44 643
95 76 827
75 86 130
4 35 9
14 15 768
8 72 424
82 37 9
61 19 989
73 51 4
45 28 730
15 43 272
54 37 10
27 2 1
97 50 5
46 16 6
9 11 928
51 62 8
38 67 444
46 99 10
59 66 5
25 48 6
59 32 213
80 88 121
20 35 9
31 94 635
45 95 6
34 28 899
59 99 10
53 60 10
93 50 735
2 31 1
58 38 846
49 55 132
7 40 622
92 73 97
0 37 1
39 52 1
78 91 6
66 45 6
70 82 388
56 82 567
77 27 1
85 94 20
95 48 5
34 30 578
88 9 7
10 59 3
2 29 8
87 66 10
13 66 1
