10
100 100
26 24 8
87 49 10
74 12 7
85 50 8
30 61 668
27 60 3
52 91 503
47 85 6
15 55 227
24 49 2
97 34 8
50 16 6
86 65 107
38 85 5
34 44 2
87 36 710
27 50 5
86 22 709
78 56 591
86 87 7
24 81 8
8 84 467
67 32 196
26 9 672
48 34 7
69 83 457
54 11 613
23 13 373
99 0 871
74 46 336
51 52 458
99 18 228
74 78 396
70 72 696
53 89 8
71 49 657
28 48 555
31 63 1
58 28 56
85 15 6
43 32 6
47 75 2
21 29 827
80 2 199
92 7 83
25 34 651
57 33 219
66 14 1
20 24 4
26 11 232
77 87 9
34 80 3
81 62 5
30 0 1
49 83 9
49 8 3
14 30 6
0 3 266
38 0 8
39 94 94
41 30 140
39 49 9
5 72 598
11 52 128
14 4 319
59 77 385
49 12 6
50 95 230
71 10 570
6 63 4
60 93 920
48 7 2
34 39 6
32 0 10
34 0 8
47 98 1
21 48 312
1 12 681
33 35 5
76 47 469
33 47 8
23 40 773
64 89 4
52 79 451
96 60 381
30 31 4
90 14 7
85 82 3
45 15 2
31 17 5
73 15 682
17 42 7
68 75 349
19 6 232
40 83 389
4 37 369
88 87 775
72 0 9
31 89 9
0 1 711
100 100
83 28 2
8 62 920
7 89 208
30 0 2
87 6 488
83 47 2
1 6 312
54 84 14
21 96 920
36 2 1
55 60 228
64 21 9
81 53 358
34 97 2
46 49 4
62 67 4
0 52 8
34 73 8
0 1 333
68 40 111
95 69 57
40 72 5
79 63 629
29 3 6
17 72 9
37 12 969
65 64 1
81 83 10
36 0 2
75 36 255
4 56 8
97 19 178
35 80 576
15 29 604
65 99 609
98 18 189
94 91 570
3 92 515
65 23 9
97 46 8
31 10 3
0 47 4
30 98 141
42 81 567
69 6 1
72 3 8
12 38 10
41 81 631
5 33 532
54 51 343
88 47 10
16 52 3
75 61 466
3 13 368
0 62 1
23 11 889
38 26 243
62 27 10
14 41 713
67 25 415
20 49 424
60 12 9
33 74 671
47 45 8
41 43 759
29 39 4
74 50 6
87 44 60
26 77 664
3 69 7
83 32 5
0 29 7
79 82 702
90 93 541
14 58 863
3 89 1
24 4 4
72 71 6
86 0 10
34 47 5
9 37 51
22 32 270
30 76 238
0 10 2
35 10 1
85 45 409
56 89 1
0 50 8
12 74 10
59 88 119
41 84 297
70 74 6
28 93 261
4 82 5
71 48 22
64 29 8
23 78 1
79 66 350
89 91 6
57 38 62
100 100
52 28 704
36 49 32
57 59 5
98 11 9
34 48 512
57 74 4
57 19 6
33 97 6
67 56 690
63 29 870
60 34 585
65 95 976
85 84 8
71 93 3
36 97 1
73 72 3
86 84 5
70 9 617
79 45 841
50 57 522
1 0 408
57 44 2
3 95 2
14 17 591
73 4 795
86 81 995
10 86 502
97 7 9
83 0 8
76 40 842
13 37 5
58 0 872
98 37 9
87 68 4
18 38 3
24 68 706
0 78 10
67 91 107
7 61 7
72 66 437
87 54 981
80 75 707
48 29 9
79 64 387
98 92 774
43 32 837
27 0 2
37 90 733
89 55 885
84 22 899
91 96 609
44 40 4
99 73 817
22 62 30
6 83 3
88 19 1
77 55 100
28 25 960
48 98 8
8 15 109
27 59 7
46 6 1
55 37 10
48 79 4
16 3 157
20 83 297
37 57 6
91 14 90
19 80 3
59 85 8
43 78 4
59 7 2
70 44 215
1 98 379
67 40 1
40 35 5
59 73 4
68 19 1
0 3 3
2 68 6
82 52 803
51 41 960
98 15 590
42 83 437
24 31 861
7 39 628
47 86 8
0 12 6
38 27 5
93 37 1
27 41 3
21 35 345
23 83 897
53 54 260
40 26 900
30 36 5
94 35 621
74 5 700
28 44 7
69 71 1
100 100
66 2 5
50 80 5
73 35 10
14 84 8
33 15 1
96 89 1
11 6 984
39 28 79
0 29 7
51 9 3
54 71 965
39 44 173
19 86 342
43 75 834
87 2 8
0 89 10
58 78 5
74 65 5
64 65 408
21 9 3
48 37 21
79 72 6
82 45 852
7 55 402
56 19 518
50 56 7
89 45 203
55 63 269
66 40 895
69 53 470
74 38 114
79 74 7
26 89 2
21 42 10
11 21 8
30 14 1
94 48 123
2 97 1
60 53 3
23 72 1
29 21 1
4 43 64
71 35 4
51 24 120
94 84 940
47 42 7
35 0 10
14 28 4
97 61 451
70 30 46
13 3 904
21 59 611
28 49 6
93 2 9
73 18 738
9 14 2
90 53 8
93 16 1
46 97 748
39 76 790
49 67 25
29 79 10
79 85 8
14 15 4
95 71 493
79 27 1
88 98 1
31 5 761
85 3 850
20 21 3
10 25 908
22 79 6
42 32 96
55 99 28
62 77 455
52 59 54
22 1 803
62 78 1
27 57 400
25 80 730
40 68 485
62 53 4
29 2 3
83 36 687
80 14 9
14 98 4
91 58 625
8 56 400
5 14 1
62 79 9
58 92 411
21 41 6
4 20 103
12 2 5
34 56 366
81 98 462
99 71 756
17 97 530
83 87 9
0 1 826
100 100
74 49 995
21 85 6
83 40 1
25 98 5
86 93 411
25 10 4
73 32 7
92 73 736
26 89 321
5 40 211
35 80 150
82 85 10
54 69 217
6 88 661
18 83 10
56 24 881
24 53 79
8 0 7
31 18 4
29 35 576
85 4 6
62 44 435
85 90 1
60 91 2
41 75 633
78 94 8
86 57 114
85 27 8
83 25 6
22 70 797
37 83 1
60 7 123
21 11 899
84 13 56
51 92 657
77 85 9
79 88 688
3 65 10
20 4 6
3 27 7
47 17 534
20 38 8
23 49 944
63 68 219
10 60 4
3 64 341
50 65 337
55 1 3
28 87 8
46 33 240
31 62 1
81 33 33
61 57 239
28 2 10
32 46 6
14 53 179
55 95 3
39 97 840
83 9 1015
67 75 260
48 65 294
25 55 6
25 0 9
41 61 271
52 16 813
32 36 10
58 15 527
68 76 800
28 88 7
81 43 94
97 16 14
80 61 78
66 98 9
19 65 151
30 10 953
10 22 1
86 45 800
21 28 10
36 94 10
86 28 1
15 60 9
9 15 992
69 62 10
94 53 2
42 96 47
89 1 407
76 25 9
99 17 42
55 12 1
39 98 10
42 69 9
98 59 7
95 47 882
85 53 1
31 71 477
23 73 167
76 84 9
72 95 586
34 22 9
85 83 8
100 100
36 59 749
34 94 560
19 0 9
50 62 4
62 63 5
53 20 101
7 93 4
55 83 8
87 51 338
56 78 304
72 70 237
17 19 6
96 18 711
81 71 459
90 53 166
84 50 4
93 42 1
18 76 551
83 67 324
20 88 76
93 2 4
9 93 533
78 29 825
33 15 9
68 47 6
30 98 6
37 74 6
37 12 104
74 33 5
52 80 2
41 24 796
86 72 5
40 79 7
43 68 4
50 36 9
78 75 9
45 24 126
17 97 2
14 49 6
46 4 813
44 91 198
77 74 1
99 35 228
51 31 911
79 50 2
1 35 942
63 30 4
75 95 333
66 93 991
21 69 9
43 28 4
2 5 853
79 38 10
83 60 9
45 63 8
61 23 947
10 17 5
62 99 255
40 92 510
57 89 682
3 74 117
37 50 8
50 86 3
8 21 10
66 11 93
48 21 2
33 6 558
47 78 10
64 22 575
60 82 108
50 93 5
23 66 651
7 85 364
93 43 8
37 52 4
44 60 911
54 32 252
18 17 8
50 21 3
39 19 551
32 94 568
37 65 787
62 17 9
97 14 3
83 10 2
67 64 495
78 58 230
32 17 5
71 4 85
62 87 935
4 15 884
25 89 642
88 27 312
14 88 526
7 16 9
35 43 9
83 89 9
73 17 201
48 26 52
13 77 2
100 100
64 91 620
80 35 6
95 52 832
81 7 8
38 7 4
91 33 3
0 61 7
43 16 493
66 58 7
75 87 403
83 48 3
78 41 934
54 82 1
11 70 9
15 28 563
42 62 30
33 82 8
97 7 201
45 73 630
4 39 2
63 41 10
51 49 8
98 83 5
51 1 9
46 81 9
8 37 771
58 90 913
33 71 524
94 98 39
9 95 471
63 46 4
19 57 894
84 27 679
20 99 918
31 76 745
45 66 10
60 79 282
68 12 4
7 39 4
86 84 385
14 22 117
8 2 5
72 52 939
81 33 9
8 85 1
1 70 10
77 59 5
42 70 822
68 95 2
43 39 173
29 53 1
58 86 785
12 93 7
69 42 448
81 17 1
1 87 331
17 74 811
96 49 678
71 10 187
8 81 4
5 32 362
49 23 7
99 79 2
36 31 890
54 21 901
89 68 8
12 55 392
92 81 1
68 81 7
86 65 345
7 13 2
31 50 11
25 83 1
77 99 6
85 37 770
46 6 9
1 68 2
36 46 178
10 88 65
77 8 10
61 81 6
15 26 160
51 40 9
56 51 581
8 80 6
67 23 51
68 66 4
47 32 403
30 8 782
15 41 969
24 33 1
57 35 626
18 92 983
39 34 565
83 14 931
11 53 7
3 82 583
8 83 3
93 44 736
32 33 1
100 100
82 21 9
10 0 7
37 26 6
96 90 5
0 70 1
91 4 6
8 56 10
14 57 104
67 85 1
78 87 649
69 52 7
95 90 451
40 22 9
54 85 5
45 97 152
9 88 214
13 51 2
94 89 535
32 75 8
97 76 472
57 21 655
75 93 27
36 65 605
67 74 164
11 70 1
51 0 7
11 44 5
95 61 313
34 15 831
10 19 1
43 87 916
99 56 791
38 79 105
47 59 591
28 94 707
38 4 3
91 43 1
78 30 154
19 83 4
4 97 4
62 7 230
20 67 2
92 80 525
1 0 134
12 73 62
46 33 5
80 59 345
34 52 212
91 40 6
67 71 10
5 22 626
17 42 185
0 50 7
93 68 549
56 67 3
34 16 257
32 6 918
66 82 5
72 20 177
46 2 401
85 69 7
41 80 843
37 23 8
81 49 5
26 85 9
52 48 417
27 54 36
60 43 592
77 69 4
67 25 537
9 62 9
20 75 5
98 54 5
1 66 71
54 31 2
9 21 4
0 36 18
39 53 476
97 95 1
37 4 7
64 56 9
22 86 128
68 17 476
78 29 1
84 20 535
89 4 6
63 62 689
52 35 2
39 38 1
26 55 721
91 0 4
50 73 579
41 23 720
75 3 8
85 49 9
21 69 10
77 18 861
86 24 384
46 31 6
39 58 1
100 100
81 53 2
55 73 912
28 11 6
81 83 489
2 0 237
47 77 3
84 56 8
62 23 5
76 93 578
20 21 112
80 3 582
20 76 9
70 1 7
64 30 3
77 58 48
81 82 10
9 43 412
84 48 911
52 82 664
79 89 2
26 50 5
43 53 7
13 32 375
89 94 2
44 71 578
71 76 1
98 18 986
7 69 9
85 78 237
50 2 3
74 46 773
98 23 709
92 93 78
89 55 951
16 2 748
22 8 3
3 81 9
57 5 740
16 63 547
59 70 979
56 49 594
61 94 2
15 70 2
31 9 773
39 86 3
24 56 170
99 7 868
86 54 2
84 27 7
6 82 920
14 84 580
23 29 1
37 56 5
33 39 10
81 38 6
54 85 1
98 91 699
36 34 7
4 89 10
19 88 388
77 41 1
95 41 86
54 12 535
69 75 585
8 19 101
54 45 149
28 22 8
77 90 433
35 36 546
77 3 6
23 58 25
77 15 9
15 46 10
71 89 2
30 3 8
25 28 3
22 84 2
56 15 5
10 26 7
37 67 499
23 50 9
87 3 35
70 68 828
85 40 6
39 96 835
42 26 989
96 60 218
51 36 7
97 96 714
5 80 989
22 17 4
79 72 291
65 30 165
97 32 592
50 3 7
85 15 2
79 84 5
66 59 919
85 34 8
69 38 7
100 100
56 9 51
53 51 860
27 17 8
77 70 122
96 91 275
29 21 487
6 83 2
17 69 9
33 5 476
54 90 717
89 66 9
94 19 433
71 10 791
1 64 1
87 4 4
70 17 7
73 10 1
44 22 714
36 99 7
98 32 1
43 61 921
20 28 823
43 57 147
43 43 1
40 56 185
27 41 9
92 49 1
69 47 999
23 72 1
95 73 10
59 38 229
92 46 389
17 6 9
40 55 522
36 7 9
32 75 12
38 1 8
6 67 232
31 66 4
81 88 434
31 93 31
95 18 708
8 21 5
69 94 10
11 98 907
22 62 639
21 69 8
87 38 8
17 13 9
82 87 500
2 0 527
22 68 314
31 34 864
38 43 6
33 30 40
3 70 6
43 97 9
60 74 965
69 98 7
16 53 66
35 42 345
12 86 231
88 83 8
26 87 500
80 85 3
76 98 4
32 22 5
63 59 950
18 25 96
70 66 7
17 43 7
86 99 1
42 70 786
49 96 6
58 49 767
32 45 4
73 99 9
48 18 372
36 2 7
46 52 493
20 6 10
84 99 159
37 3 257
43 99 5
96 32 2
50 67 814
45 74 62
64 16 7
40 17 7
24 40 502
79 90 3
87 39 904
78 97 868
20 30 8
10 79 10
17 72 7
95 15 855
14 31 1
30 65 451
80 22 2
