100
10
92219
8518
94572
99235
88006
90564
11138
95667
62683
94855
1426
82549
3570
64
86683
92542
5871
3
15806
68653
1
2105
94287
85662
34515
90277
53279
20970
70578
55865
4528
72196
84069
34267
64
60401
95710
92447
1546
53907
16518
96509
95130
1024
17214
48849
9227
28586
96895
40539
9138
31309
99018
60506
94591
99955
38182
90961
76179
1024
94053
91199
52417
30307
23321
28723
59629
95984
2
50832
34161
29862
18312
53538
14595
94532
91340
86601
93795
90557
89609
13244
14692
16384
63151
71970
96073
12376
37838
76009
92855
61823
80949
16384
15387
59091
72367
8190
90966
