50
10
2 20
8 57
20 138
23 163
42 289
63 434
78 539
89 614
92 632
100 685
10
7 50
24 155
25 157
34 217
51 321
61 387
64 403
70 440
84 529
100 626
10
7 68
17 164
19 181
20 189
59 548
65 604
70 652
77 714
99 923
100 925
10
0 11
13 159
16 194
16 195
33 408
34 417
63 773
69 844
82 1002
87 1064
10
5 102
18 364
24 474
28 562
47 917
64 1249
68 1318
72 1412
83 1619
100 1938
10
7 97
18 254
34 470
46 642
57 795
64 895
71 988
85 1183
87 1206
100 1380
10
51 994
55 1083
58 1139
58 1146
70 1365
79 1556
86 1683
96 1888
98 1916
100 1949
10
15 130
19 167
36 304
50 420
56 474
57 482
58 491
91 767
93 783
100 838
10
1 19
17 272
25 401
28 439
34 534
41 639
51 801
72 1124
78 1217
100 1551
10
7 75
13 147
24 258
24 263
27 286
29 307
40 426
86 915
96 1020
100 1056
10
29 494
45 761
49 836
72 1224
76 1292
77 1303
82 1385
84 1420
87 1475
100 1682
10
25 369
50 733
55 809
58 848
59 863
67 994
74 1087
88 1293
95 1389
100 1462
10
9 107
15 181
29 346
46 545
71 847
74 874
77 907
81 957
85 1005
100 1177
10
9 79
14 117
16 135
33 275
43 361
47 391
64 527
81 671
92 758
100 823
10
14 56
24 95
36 140
41 161
43 170
68 267
79 308
82 319
96 376
100 388
10
8 134
8 137
38 609
41 660
42 670
53 858
66 1060
87 1395
94 1508
100 1591
10
3 15
10 43
14 62
46 199
55 234
56 239
72 307
86 367
93 398
100 425
10
11 221
18 342
21 399
48 897
52 965
59 1105
61 1141
68 1272
77 1430
100 1854
10
1 13
1 20
2 28
8 90
54 597
55 601
56 612
58 634
61 676
89 975
10
1 4
5 11
15 32
33 70
37 78
42 88
58 122
63 133
91 192
100 209
10
15 36
16 39
34 80
41 95
54 127
58 134
69 160
72 167
77 179
86 199
10
40 546
48 647
49 658
50 673
58 782
67 910
67 911
68 916
81 1091
83 1116
10
7 54
15 115
33 251
37 279
59 446
73 552
84 633
94 708
98 740
100 751
10
13 33
64 159
65 162
73 181
76 188
77 191
78 193
82 205
85 212
90 224
10
3 57
16 237
25 365
29 429
31 445
39 571
51 740
74 1069
74 1070
100 1432
100
0 6
1 16
1 16
2 20
2 24
3 33
3 35
4 38
4 39
4 41
4 42
6 55
8 75
9 82
12 111
13 115
13 117
13 119
14 125
16 143
16 145
17 158
18 166
20 177
20 177
21 194
21 194
23 206
23 206
24 220
26 236
26 236
30 273
31 276
31 277
31 278
31 281
33 298
34 305
36 319
36 322
36 324
37 332
37 333
38 341
38 343
38 343
39 347
40 357
41 366
42 377
44 392
44 392
44 395
46 412
46 413
46 413
47 415
48 430
51 451
53 471
53 473
54 485
56 496
56 497
56 501
57 506
57 509
61 545
62 553
63 558
63 560
63 562
64 572
69 609
69 614
73 644
76 678
77 685
78 690
80 706
81 715
82 724
82 726
84 747
85 750
85 753
87 771
87 773
88 780
89 789
89 792
90 794
91 806
92 820
94 832
95 844
98 865
99 876
99 879
100
0 3
0 7
2 24
3 44
6 73
7 84
7 89
8 100
9 108
11 140
11 143
12 147
15 182
16 194
19 233
19 235
20 249
22 269
22 273
24 291
26 312
26 317
26 323
27 329
27 333
28 340
28 347
29 351
29 353
29 355
30 366
31 381
33 404
33 407
34 411
34 413
34 417
35 423
36 439
37 446
39 479
42 506
42 508
43 516
43 518
45 551
51 614
51 615
52 634
54 648
55 661
55 669
56 674
56 683
60 725
61 738
61 741
62 746
62 751
64 776
65 786
65 789
66 792
67 812
68 826
69 839
70 840
70 846
70 850
75 908
76 916
76 918
77 924
77 924
79 950
79 950
80 968
81 973
81 976
81 980
84 1015
85 1024
85 1025
86 1039
87 1049
87 1051
89 1074
89 1075
90 1089
90 1090
90 1090
92 1113
93 1123
93 1126
94 1132
94 1137
99 1189
99 1192
99 1192
99 1192
100
1 18
2 22
4 43
4 45
6 59
8 79
10 97
10 104
12 121
13 131
14 140
14 140
14 143
15 150
17 170
17 170
19 190
19 191
21 205
21 208
22 217
23 221
23 222
24 232
24 234
26 256
26 259
29 284
29 284
30 295
31 301
33 320
33 322
33 326
34 329
35 341
35 342
36 352
37 360
38 369
41 395
41 400
41 402
43 413
43 419
44 426
44 428
45 439
46 444
46 446
47 458
48 463
48 464
49 478
50 483
56 539
58 558
58 565
59 572
62 598
63 607
63 610
64 620
64 621
65 630
66 636
68 654
69 671
70 674
72 694
73 709
76 731
76 733
77 744
78 752
78 755
79 764
81 785
82 793
83 804
83 805
84 814
85 825
85 825
89 855
89 863
90 868
91 879
91 881
91 882
92 890
94 906
95 917
97 939
98 941
98 943
98 948
99 954
100 960
100 960
100
0 5
0 8
3 61
4 70
5 83
5 94
6 109
9 156
9 160
10 171
10 175
11 179
11 193
12 208
12 208
14 229
15 256
16 273
17 278
19 315
20 333
20 336
20 336
21 349
21 353
22 362
22 364
23 385
23 385
25 407
27 449
28 458
30 497
32 516
32 522
33 538
34 557
34 560
35 565
36 582
36 587
36 595
36 595
36 596
37 605
39 630
39 643
41 666
41 672
43 708
45 738
48 777
48 781
49 794
49 803
50 815
52 839
57 919
57 933
58 941
58 943
60 972
60 973
62 1003
62 1004
64 1042
65 1048
65 1063
66 1071
66 1076
67 1081
70 1132
71 1150
72 1165
72 1166
74 1196
74 1199
76 1237
77 1245
77 1251
79 1279
81 1317
81 1318
82 1326
84 1362
85 1371
85 1379
86 1391
86 1396
86 1400
88 1434
89 1435
89 1446
89 1447
92 1488
93 1511
94 1525
96 1552
99 1611
100 1612
100
0 1
1 19
2 29
4 53
4 54
5 68
5 74
5 74
6 79
8 113
9 123
11 155
15 203
16 217
17 220
17 224
17 232
18 237
18 238
20 266
21 275
22 292
24 322
25 323
26 343
26 346
27 350
29 381
30 396
33 432
33 433
34 441
36 468
37 481
38 498
39 505
39 507
42 551
45 586
45 587
47 615
50 658
51 664
51 666
53 691
54 705
55 714
55 715
55 721
58 762
59 772
60 779
60 787
62 802
65 841
65 843
65 851
66 856
67 875
67 878
68 885
71 926
72 934
73 953
74 967
75 970
75 980
76 984
77 997
79 1033
80 1036
80 1039
81 1054
81 1056
82 1063
82 1064
85 1100
85 1102
85 1110
89 1154
89 1156
90 1170
90 1174
91 1185
91 1186
92 1191
92 1192
92 1195
92 1200
93 1206
93 1210
94 1226
96 1248
96 1251
97 1254
97 1262
97 1265
99 1280
99 1283
100 1292
100
0 5
1 21
2 43
4 81
4 88
7 142
7 147
9 177
10 207
11 233
11 234
11 234
12 240
12 245
13 259
13 259
13 266
18 355
18 357
18 364
19 388
19 388
20 395
20 396
22 442
22 449
23 465
24 471
24 472
25 491
25 494
27 546
28 549
28 561
29 580
30 586
34 671
34 677
36 704
38 750
39 776
40 788
40 792
41 809
41 817
42 828
44 866
46 902
46 913
48 944
48 944
49 975
51 1003
51 1008
51 1015
52 1019
53 1043
53 1051
54 1067
60 1180
60 1180
63 1234
64 1250
64 1255
65 1273
65 1283
66 1294
66 1307
67 1311
67 1320
67 1322
67 1323
68 1345
70 1377
70 1379
70 1384
70 1386
71 1400
74 1457
75 1467
75 1481
76 1491
76 1493
78 1528
79 1553
80 1565
80 1576
83 1634
86 1687
87 1715
92 1815
93 1819
94 1850
95 1857
97 1907
97 1907
98 1920
98 1929
99 1937
100 1953
100
1 7
1 9
3 16
4 24
5 26
7 35
7 37
9 47
10 53
11 54
12 58
12 59
13 65
14 68
14 70
15 73
16 79
16 80
18 88
19 93
20 99
21 104
22 107
22 111
23 115
23 115
24 118
24 119
26 127
26 127
27 135
29 141
30 149
30 149
30 149
31 152
31 154
32 156
32 158
33 162
37 181
38 185
40 194
40 195
41 200
43 210
44 213
44 217
45 220
45 222
46 223
47 228
47 230
48 235
50 244
52 254
53 258
53 260
55 266
55 269
57 278
61 296
62 303
62 303
62 303
62 304
62 304
66 320
68 333
72 350
74 360
74 361
74 362
74 362
76 369
77 376
78 380
79 386
79 386
81 393
81 394
81 395
82 397
82 398
83 401
83 404
85 415
86 417
86 417
87 422
88 426
88 426
88 429
90 435
93 450
94 455
94 458
95 460
97 472
100 483
100
0 15
0 19
2 41
3 60
4 82
5 101
5 101
5 109
7 152
9 183
9 186
10 203
12 256
13 269
14 282
14 295
15 300
15 313
17 354
18 359
18 361
18 368
19 392
20 400
21 426
21 431
22 445
22 447
22 454
22 457
23 467
23 471
24 482
24 491
26 518
26 519
26 532
27 541
27 547
29 584
29 586
31 624
33 665
35 700
35 706
35 715
36 731
37 756
39 779
39 785
42 840
47 955
48 958
48 961
49 987
49 993
51 1023
52 1046
52 1051
53 1060
54 1076
54 1086
55 1111
55 1112
55 1113
58 1164
60 1206
62 1251
63 1257
64 1275
66 1326
68 1367
69 1375
70 1406
71 1425
71 1428
80 1596
80 1598
81 1615
81 1624
81 1626
81 1627
82 1647
85 1696
86 1718
86 1722
87 1746
88 1757
89 1783
90 1802
90 1807
90 1810
92 1832
92 1845
92 1849
93 1859
96 1929
97 1935
97 1948
99 1984
100
0 10
3 62
4 65
4 70
4 79
8 142
9 146
9 155
10 169
11 181
13 209
14 229
15 243
18 290
18 296
19 314
21 343
22 354
23 380
24 396
25 412
26 419
27 430
27 431
29 466
29 469
30 482
30 488
32 514
35 564
35 567
35 570
36 576
37 591
37 592
37 594
37 596
39 632
40 644
41 652
41 655
41 656
42 680
43 697
44 703
46 736
46 744
47 749
47 756
48 766
50 796
50 799
50 806
50 806
51 819
51 823
51 823
52 840
54 866
55 888
59 947
59 951
61 977
61 978
62 986
62 988
62 994
63 1007
68 1081
73 1159
74 1178
75 1191
75 1193
75 1194
76 1215
79 1265
80 1270
80 1273
80 1273
80 1284
81 1299
82 1307
83 1329
84 1335
84 1336
84 1336
85 1361
89 1416
90 1443
92 1464
92 1469
93 1484
94 1492
94 1493
94 1495
95 1513
96 1534
97 1540
97 1544
99 1575
100
0 6
0 7
1 10
2 18
2 21
3 28
3 28
3 32
4 35
5 44
7 57
8 72
9 76
9 77
10 86
11 91
14 117
14 118
16 133
17 143
19 156
19 161
20 169
23 187
23 188
23 190
23 190
23 192
24 195
24 200
25 209
26 219
27 224
28 233
29 238
30 245
31 252
31 256
32 266
34 278
36 295
36 296
36 297
38 310
39 318
39 321
42 344
42 348
46 377
46 380
48 393
51 416
52 430
55 448
55 452
59 481
61 498
62 505
63 513
64 521
64 524
64 526
65 533
67 549
67 549
68 557
69 566
70 570
70 571
70 575
70 575
72 588
72 589
74 604
75 616
76 619
76 620
77 629
81 663
81 664
84 685
85 691
85 695
86 703
86 706
86 706
89 727
90 734
92 755
93 757
93 759
95 774
96 786
97 788
97 792
98 797
98 797
98 798
99 807
100 812
100
2 23
3 26
4 37
6 48
7 59
11 88
11 89
11 95
12 100
13 104
13 109
14 113
14 114
15 121
15 123
16 131
18 147
20 163
22 183
23 185
23 188
24 196
24 196
25 200
27 219
28 226
28 231
29 239
31 254
33 267
35 284
38 307
39 314
41 328
42 343
43 345
43 347
43 348
44 353
44 358
44 358
45 362
46 370
46 374
47 377
49 393
49 395
52 416
52 418
52 420
53 427
53 430
55 441
56 453
56 453
56 454
57 456
57 463
58 469
60 485
62 498
63 508
64 513
65 527
66 529
66 533
68 544
68 550
70 567
71 568
71 575
72 578
72 582
72 582
73 587
74 593
75 605
78 624
79 632
80 643
82 662
86 689
86 690
86 695
87 696
87 697
87 698
87 702
88 705
88 708
89 713
89 714
89 717
90 724
90 727
93 744
96 768
97 776
98 785
100 800
100
0 4
0 12
1 15
1 15
2 29
2 35
2 37
4 68
6 95
6 95
10 145
10 156
10 156
12 181
13 193
13 196
13 201
14 204
18 273
19 275
19 280
21 314
22 317
22 320
23 341
26 386
27 392
27 396
28 404
28 410
28 415
30 432
30 433
32 463
32 467
32 472
35 513
38 551
38 551
39 565
39 570
40 581
40 585
43 629
44 645
45 648
45 659
49 710
50 728
51 735
51 735
51 739
51 742
51 746
52 750
55 791
55 793
55 797
56 811
56 818
58 836
58 841
59 853
60 865
60 868
63 919
65 946
66 953
67 965
69 1000
71 1024
71 1029
71 1030
71 1034
72 1048
74 1066
75 1079
75 1085
77 1114
79 1141
79 1143
80 1151
81 1178
83 1203
84 1209
84 1211
84 1213
86 1242
86 1250
87 1262
88 1268
88 1269
90 1304
92 1325
92 1330
92 1336
94 1362
94 1363
96 1392
99 1433
100
0 4
1 12
1 21
2 23
3 32
3 37
3 39
5 56
5 61
6 70
7 78
9 100
9 103
9 104
10 109
11 119
11 119
17 183
18 197
20 218
21 227
22 238
24 256
27 288
28 298
28 305
29 313
29 314
30 319
31 332
31 334
31 334
31 335
32 345
33 351
35 372
35 374
35 379
35 380
36 383
37 393
37 398
38 402
41 435
41 439
41 440
41 442
42 451
43 456
43 462
43 463
44 469
49 520
50 531
50 538
52 551
54 580
56 600
56 600
58 613
61 646
63 674
65 695
66 705
67 708
68 725
69 739
70 749
71 756
72 765
75 797
75 800
75 801
77 819
78 824
79 837
79 838
79 839
79 840
81 857
81 863
82 871
83 883
83 885
85 903
85 903
87 919
88 933
89 941
89 942
92 977
93 985
93 987
93 991
94 993
94 998
96 1017
98 1039
98 1042
100 1056
100
0 9
0 10
1 22
2 24
2 30
5 59
6 76
7 88
9 112
11 129
12 143
13 153
16 185
16 186
18 208
19 218
20 231
20 234
20 237
21 247
24 281
25 290
29 337
31 356
31 359
31 361
31 366
32 367
35 409
35 410
36 414
40 461
41 478
41 479
41 480
42 482
45 517
45 521
45 521
46 538
47 540
47 543
47 547
48 558
48 560
50 578
51 587
52 600
52 606
54 619
54 626
56 642
56 645
56 648
57 657
60 691
61 703
62 714
64 744
65 747
66 762
66 767
67 768
67 775
68 786
68 789
69 798
69 799
73 839
74 856
76 871
76 879
77 886
78 895
78 898
78 900
80 917
82 945
84 965
84 973
85 980
85 980
85 983
86 991
87 998
87 1005
88 1010
88 1015
88 1016
89 1027
90 1034
90 1035
90 1036
90 1037
90 1041
94 1085
98 1124
98 1127
99 1137
99 1138
100
0 8
2 45
3 48
3 56
3 59
3 62
4 73
6 102
6 103
7 115
9 144
9 145
9 149
11 184
12 204
13 216
13 216
13 217
14 226
14 227
14 232
15 241
16 268
17 279
18 290
20 318
20 329
21 336
22 353
23 372
24 382
24 391
24 394
25 395
26 425
27 427
27 440
28 447
28 456
29 464
31 490
31 491
32 508
32 517
33 529
33 535
35 562
37 593
37 599
38 604
38 611
39 631
42 670
42 679
43 683
43 688
44 706
47 751
50 802
51 807
51 816
53 844
54 861
54 866
54 866
58 928
60 963
61 978
62 981
64 1015
65 1028
70 1106
70 1113
70 1113
71 1130
71 1134
73 1167
75 1190
76 1209
77 1231
78 1236
79 1251
79 1261
81 1282
81 1289
82 1299
82 1304
86 1361
87 1377
87 1384
90 1424
92 1463
95 1502
96 1530
97 1536
98 1552
98 1558
98 1563
100 1580
100 1580
100
0 0
0 1
1 12
4 31
5 35
7 50
7 54
10 74
14 96
14 98
16 114
17 120
17 121
20 139
21 146
22 152
22 153
22 154
23 156
24 163
25 171
25 173
25 173
26 176
26 177
27 189
29 201
32 219
32 219
33 227
33 228
35 240
36 246
36 250
38 257
40 274
40 276
43 297
44 298
44 304
46 312
46 313
46 314
46 315
47 324
48 330
48 330
49 334
49 336
50 339
51 345
51 351
53 360
53 362
53 364
54 369
54 370
55 372
56 385
57 387
58 394
58 398
60 411
60 412
63 426
65 442
66 448
66 452
67 457
69 469
71 480
72 489
72 493
73 494
73 496
74 504
74 506
74 506
75 508
75 508
75 513
76 516
76 517
80 541
81 548
86 587
89 602
89 603
89 607
90 609
91 620
92 626
94 636
94 639
96 653
96 653
97 656
97 661
97 662
100 676
100
1 30
1 31
2 44
3 54
8 130
9 161
12 207
13 213
14 238
14 241
14 241
15 248
15 248
16 261
16 268
16 270
17 279
18 307
19 312
20 335
23 375
23 375
23 379
24 393
25 405
25 408
26 423
26 429
26 430
26 433
27 439
27 441
27 450
30 492
30 499
31 509
32 533
33 548
34 551
35 581
37 607
39 641
39 643
40 652
40 661
43 709
44 728
45 742
46 751
47 767
47 777
48 783
51 839
53 861
53 869
54 875
54 875
54 884
54 889
55 895
56 914
58 955
59 968
61 994
65 1057
67 1095
67 1100
68 1114
69 1123
70 1137
70 1149
71 1156
73 1190
75 1221
75 1229
77 1259
79 1282
79 1285
80 1310
81 1320
83 1350
83 1353
84 1368
84 1371
84 1373
84 1374
85 1388
86 1408
91 1475
91 1481
93 1512
94 1529
94 1531
94 1537
95 1547
95 1550
96 1562
97 1576
97 1584
97 1584
100
0 16
4 81
4 91
6 132
6 137
7 143
7 156
8 160
9 196
10 207
13 258
13 258
15 300
17 340
17 349
18 367
25 499
25 501
29 584
31 612
31 626
32 640
33 660
33 662
34 670
34 677
34 680
36 716
36 718
36 721
37 733
37 734
37 740
39 769
40 790
41 817
42 825
42 837
44 868
44 868
45 891
45 898
46 919
47 933
48 945
48 961
49 970
49 972
49 972
49 981
50 988
50 989
50 992
50 998
52 1038
54 1065
55 1084
55 1090
58 1150
59 1168
60 1181
61 1206
62 1223
62 1228
68 1345
68 1350
71 1396
71 1401
71 1406
73 1439
73 1450
75 1480
75 1486
79 1557
80 1588
80 1590
81 1602
82 1628
83 1635
84 1653
85 1674
85 1675
85 1677
85 1678
85 1682
87 1720
87 1726
90 1785
91 1804
92 1815
93 1839
94 1856
94 1860
94 1863
95 1868
95 1882
96 1904
98 1933
98 1941
99 1950
100
0 1
0 6
0 7
2 19
2 19
4 37
6 61
6 62
9 87
10 95
11 104
13 120
14 133
14 135
16 148
18 171
20 188
21 193
22 200
22 205
22 208
25 231
26 241
26 243
27 251
29 268
29 271
30 273
30 274
31 281
31 286
33 301
33 306
33 307
37 338
37 341
38 348
39 355
39 358
40 369
42 381
43 390
44 403
45 413
47 426
48 439
49 446
49 449
49 450
50 453
50 455
50 460
52 476
55 501
56 512
57 518
58 532
62 570
63 574
63 575
63 576
63 577
65 590
66 603
67 609
67 610
67 614
69 632
69 634
71 644
71 646
71 646
73 663
74 673
74 674
74 675
75 687
77 702
81 735
81 735
81 742
82 748
83 756
84 765
89 809
89 812
89 812
89 813
90 822
92 842
93 847
93 851
94 856
94 859
96 878
97 879
98 892
98 894
99 899
100 906
100
0 6
1 8
1 13
2 17
4 31
4 33
5 39
5 39
6 45
8 58
8 60
10 78
12 86
12 88
12 88
12 92
14 100
17 127
18 130
20 143
22 159
22 160
23 166
23 169
24 173
24 177
25 179
25 182
27 193
27 196
28 202
29 206
29 207
29 209
29 210
30 214
30 219
32 234
35 250
35 253
35 254
36 257
36 258
36 261
37 267
37 268
37 269
38 270
38 273
40 291
42 303
42 304
46 327
47 336
48 346
49 354
51 366
53 381
53 382
53 383
54 387
55 395
56 398
57 407
58 416
59 425
61 435
61 438
61 439
63 449
63 453
64 459
65 468
66 472
66 475
67 476
71 509
73 519
73 522
75 539
77 552
79 561
79 563
80 568
80 570
80 574
82 589
84 597
86 611
87 623
89 638
90 643
91 653
94 670
95 678
95 680
95 680
96 686
97 691
98 696
100
1 2
1 2
2 3
3 4
3 5
6 8
6 9
6 9
9 13
11 15
11 15
11 15
12 17
15 21
16 22
17 23
18 24
22 30
23 31
24 32
24 32
25 34
26 35
26 35
27 36
29 39
32 43
33 44
34 45
35 47
35 47
36 48
36 48
37 49
41 55
42 56
44 59
46 61
46 61
47 63
49 65
51 68
53 70
53 70
53 71
55 73
56 74
58 77
59 78
62 82
62 82
64 85
65 86
65 86
65 87
66 88
68 91
69 92
69 92
70 93
71 94
72 96
72 96
73 97
73 97
73 97
74 98
74 98
75 99
76 101
76 101
77 102
78 103
78 103
78 103
78 104
81 107
81 107
81 107
81 108
81 108
81 108
82 109
82 109
85 113
88 117
88 117
89 118
91 121
92 122
93 124
94 125
94 125
95 126
96 128
97 129
97 129
98 130
99 131
100 132
100
0 8
0 8
1 16
1 20
1 24
1 26
4 60
4 63
6 86
7 98
8 112
8 122
12 168
13 183
14 196
14 197
14 205
15 217
19 273
21 300
23 327
23 329
24 343
26 372
29 402
29 415
30 425
30 426
31 435
32 448
33 463
34 475
34 483
35 486
35 491
36 502
36 506
37 515
37 517
38 531
39 543
40 558
40 561
41 570
41 572
42 589
44 612
45 626
45 628
50 704
51 717
53 734
61 855
62 859
62 870
62 870
64 888
65 909
66 923
66 927
67 932
67 938
69 957
69 958
69 962
70 982
73 1012
74 1025
74 1036
75 1040
76 1061
76 1062
79 1095
79 1098
81 1123
81 1128
81 1130
82 1138
85 1189
87 1207
88 1229
89 1234
90 1253
91 1265
91 1270
94 1301
94 1305
95 1318
95 1323
95 1328
96 1330
96 1340
97 1343
97 1356
98 1359
98 1363
98 1363
99 1371
99 1376
100 1384
100
1 24
2 28
3 38
4 59
5 62
7 88
8 102
10 126
10 133
14 176
14 180
15 192
15 193
16 206
17 220
18 230
19 234
19 243
21 263
23 284
24 297
26 324
26 328
27 341
29 357
29 358
29 368
30 370
31 385
31 390
32 398
33 408
33 418
35 434
35 437
36 452
36 453
37 461
37 461
37 461
40 499
41 506
41 509
42 524
43 535
47 585
49 609
50 617
50 627
52 644
52 645
52 650
53 658
54 668
54 669
54 676
55 680
57 705
59 729
59 732
61 763
63 787
68 845
69 853
70 874
71 877
71 880
71 880
73 908
73 910
74 912
74 916
74 918
75 927
76 939
77 949
77 952
77 960
79 975
80 985
80 986
83 1025
83 1034
84 1041
84 1043
85 1048
85 1049
86 1066
90 1108
91 1130
92 1140
94 1164
94 1169
95 1180
96 1182
96 1185
97 1204
97 1206
98 1213
100 1231
100
0 3
0 5
1 9
1 12
1 14
2 20
3 28
6 51
6 53
7 62
8 68
9 74
10 81
11 91
13 103
14 117
15 119
15 123
17 139
19 156
19 157
20 158
22 178
22 179
23 182
23 187
24 194
24 195
24 195
25 204
26 208
26 210
26 210
27 217
27 218
28 223
28 225
29 231
30 240
30 240
31 252
32 258
36 286
37 292
39 308
39 311
40 323
41 330
42 332
45 358
46 368
48 383
48 385
49 387
50 396
50 400
50 402
51 406
52 414
53 424
55 435
56 449
57 451
57 457
58 463
59 468
63 502
66 523
66 524
68 538
68 540
69 549
70 554
72 570
72 571
74 591
75 599
76 602
76 603
80 634
82 649
83 655
84 670
85 674
86 685
88 695
88 699
89 707
89 709
90 715
93 734
94 743
94 747
95 751
96 758
96 763
97 772
98 778
99 783
100 789
100
0 5
0 7
0 9
0 9
4 46
5 53
7 68
7 72
8 79
9 88
9 90
10 95
10 97
11 104
11 109
12 111
14 134
14 138
15 141
15 147
16 152
17 158
18 172
20 185
20 193
22 212
23 213
24 224
26 247
27 253
28 261
28 262
28 263
29 275
31 290
32 297
33 309
33 310
33 313
35 332
36 339
36 340
36 341
37 342
38 354
38 354
39 363
39 368
39 369
40 376
44 413
45 422
46 431
47 442
47 443
49 454
49 455
49 458
50 463
51 474
53 492
53 496
56 520
57 529
58 539
59 553
60 563
68 628
69 645
70 653
71 659
71 660
71 661
73 680
74 692
75 695
75 699
81 749
82 761
87 805
87 806
89 830
90 833
90 837
91 847
92 854
93 861
93 863
93 863
93 864
94 870
95 878
95 884
95 886
96 890
97 896
98 912
99 915
99 919
100 923
