50
50
0 234582247033
2 2280278541979
2 3096708542097
4 5039191731361
5 5540796179454
7 7836495953685
9 9789413743587
13 13771527911742
15 15888194056296
25 27175342405967
26 27948928176513
26 28245448593720
26 28400052973529
29 30737474455912
30 31578130826131
31 32830346542957
31 33008600206470
32 34451467189521
33 34828441297891
36 38347080470540
38 40446147745474
43 45701097957797
45 47737059471854
46 48699044495663
48 51211512630467
50 53644544505557
50 53644544505558
51 54425616740665
55 58116522441122
55 58849362044469
56 59610760881579
57 60540614420659
60 63843058005375
62 66091453162866
63 66333019738139
70 74051199808084
74 78210253150944
75 78889036037586
76 80846291956900
78 82461253257196
82 87077736528797
83 87775379343921
84 89191522457550
84 89230117787010
86 91056538842949
88 93286314854950
93 98846980528648
94 99440241422912
97 102815056351964
97 102968814583456
50
2 5472544019671
2 7300414504183
3 9411989944305
6 17211717135227
7 19697104589009
7 20369040595184
8 20912666215596
11 29849253143814
12 31697086103340
13 33527234445247
15 40321464975878
16 43186131395730
17 45830341339165
19 48709594817384
19 50167585333536
26 68229652753911
27 69243847075753
29 74284508435001
29 74919557648826
29 76086864894326
31 81476162380741
37 94816731924454
37 94910489883685
38 96912411391476
39 99827588242708
46 117187991561470
46 118622375069672
47 120268383890983
48 124554002722714
52 134584856712232
54 139870654573441
55 142573833070959
59 151335550765912
60 153965076292921
64 163055918219207
65 167855378768455
67 172562491364898
67 172590880235729
69 177472206784784
75 190959755579862
81 206354219418670
84 215383604483960
85 218094905566177
86 219575883581846
86 221144321496381
87 221579552623094
87 224052788863497
91 232157086611937
92 236408521179117
97 248235086188372
50
1 8884482926570
5 43307563298465
5 45137540903101
14 121194724153368
14 126198302349527
15 132202436974929
15 136169157487341
16 141609097286893
17 151364506402867
18 162998301731031
22 197803987087645
23 203304744433219
24 214702936983068
24 215004333790919
25 219577929868551
28 242081094924859
28 246005097618766
31 268053296699591
32 277703754794519
36 313508763317501
39 335961073762455
42 369807454120382
44 384735388812182
45 394754690257445
46 399571495924141
46 399968725740632
47 407042181319184
48 417041536563028
49 429341418002041
51 439240987929130
52 451885764204610
64 556495638133776
67 577501538382120
74 636672308596900
77 669408089082189
83 714484725040982
84 726218948641308
85 732117293451552
86 745170900044684
87 752172619854890
87 756121747481912
90 774015601647312
93 803856821810872
94 808611473951711
96 826244892174206
96 827223357122697
97 836783716415195
97 837879034417621
97 837969809749283
98 849220910365209
50
0 17314135656
1 375765088880
2 619573086459
6 1632930756299
6 1648540247502
10 2507414295537
10 2565806989269
11 2792224613100
13 3467060254936
16 4084324615968
16 4235629462308
20 5012428394488
23 5778034056851
24 6031999523257
24 6086674637285
24 6229339680934
25 6242604509405
25 6492308689781
26 6598789762336
26 6655109441797
29 7491125411285
33 8391887247380
35 8983786980886
39 9792744809478
40 10022885713922
40 10036676218630
43 10860976189264
46 11691992680324
48 12074075747183
49 12427237644247
50 12709939594468
52 13171287071684
53 13476486065377
58 14550176847616
61 15236864803872
61 15426121817897
63 15830453747055
65 16382459578863
71 17788500784760
72 18046424482147
74 18540060566002
75 18856627685969
77 19476926069342
82 20716548084543
83 20934197896391
85 21362167689322
86 21493754389362
93 23345321428798
96 24019586009777
99 24816882941870
50
1 9649729710840
3 20447689888520
4 25297133054810
8 48559384686446
11 63674918414604
11 65789144852107
12 68525849345454
12 74236336790907
20 114341104862006
20 119130675600922
21 121636123792430
21 124843727969414
23 134529621377820
28 162294862254652
29 166465560802096
36 207437917047459
36 211288035481815
41 235770338817683
41 236422401491544
45 258378023337978
46 265963089049930
47 273182640632754
49 280882128690465
50 289955297203592
56 323163965311152
59 339872521762668
59 341341169488529
60 348178293647921
61 348434575805024
63 362538660315425
66 381108262957121
66 382602658845451
69 395679126547110
70 402803618504752
71 408026480491071
71 410632877488949
73 417954220924348
74 424267881088015
74 424424016886131
75 431293796258071
79 452048196783266
79 454925815042680
80 459991074998409
83 474143776436819
83 475475994506594
83 478048775782149
83 479109353746057
90 514031816493960
90 516193620879250
91 522557229110518
50
6 19484508089198
17 48011477010387
20 58649326975827
21 58891860196705
21 61317897023896
24 68131935931301
24 69667419181593
27 77454141255215
28 78851943709906
28 79509520582167
28 80411644453811
29 82229712209361
30 85077848557285
31 88293290432909
31 88998145492420
33 94192858358571
33 94622232503250
36 101778083244484
43 122386623793647
43 122715693050295
43 122733098138821
44 123753734516840
45 127975136591509
49 137482140555776
50 140075902418092
50 141141777707905
52 148052952893976
56 158478785699702
67 189509363712354
72 203786926653578
73 205662142036005
75 212330849194372
77 217556292090231
78 218743822860587
78 219943034183488
79 222179058078223
79 223199700915522
80 225809677443961
81 228255077672225
82 231923478685218
84 235841782010667
85 240535909839222
88 247585701816451
90 253480936439506
93 261814152087758
94 264352731198697
97 272077665636704
97 272766007369984
98 275331436579623
98 277114759203994
50
3 18070566946384
4 23195323947072
9 49426728298511
10 55670955319126
11 63434509161179
13 71584395865546
15 85272640183584
15 87212758214934
16 88827811571483
19 106069777210527
21 118817748996379
24 131747954656342
25 142260693194538
27 148491876761475
27 152610931404048
28 158783881389643
33 186012581396700
34 187596939402991
38 210437820944118
40 221982480876329
41 224635504250276
42 233742475916066
42 234068902927808
44 244449036414055
44 245465486409293
45 250102784676863
53 290807732424506
56 306974573445887
56 308317285028506
64 354578597197416
69 378908969320155
69 382553677853839
70 384314520494911
70 388040920919688
71 393999764097012
72 396941111446833
73 399944943878850
75 410795367220891
77 424393027061452
77 425007583946897
82 451249505625296
83 454713137657328
88 482590032842229
90 495992456664126
92 508303947040821
93 512396304953050
93 514376375413059
95 521193803821515
97 533691895213753
97 534141449812978
50
1 3657534693497
2 5200510198714
7 14866855200592
11 21249491655309
17 33170361585499
18 34043391892561
20 37702964102021
20 38745083586098
24 45804491112256
24 46492251925624
27 51778959967104
28 53259343714769
29 54707290466764
30 56419831488242
33 63334548660475
36 67510548845434
36 68042592951160
39 73607374604689
44 83616940254358
45 84338742557119
45 84627752640073
47 88813766144796
48 90155949684212
49 92585512638589
51 95016479317698
52 98727384676624
54 101263524731636
57 106419019056590
60 112091445142689
60 112334671767139
61 114230555215410
62 117355193106177
63 118810101521858
64 120042561448103
67 125875293540477
70 130579405853177
71 132732953169540
74 138556219441709
74 138693274436590
76 142945654367603
77 144723140682323
77 144894276200293
79 148469398367996
84 156886223588486
86 162032911002891
87 163220124837805
90 167650275865968
94 175275582173199
96 180156680063308
97 181802045647220
50
1 3831929437194
1 4642260718760
2 10469295410001
2 10504824717778
3 12163745044709
5 19394785109621
6 23780576908539
13 49341585164806
17 66898063997369
18 69677060471711
22 85539602422679
26 100898534193271
26 101127472782429
29 113685230769659
32 124424046553917
35 132931205378917
40 153442904473214
42 162948830769847
43 163112780736451
43 163435467027021
46 177932736600205
47 181690287217040
48 182200669811282
53 201616429163922
53 203226340631896
53 203642913022632
55 211536849560215
62 237858690420919
64 246181666058823
65 247277033255407
67 255177446420284
70 266448102960468
72 275227340815052
73 277042136033815
74 282074450070313
75 285401262939462
76 289552451782249
77 294972424444202
79 300770393975689
81 307920448424095
82 312297208136857
83 318082361286590
89 339652173599524
89 340339018640496
92 352424215385947
94 359251341119209
95 362693745501187
95 363008080948381
97 370764824117395
100 378950769232203
50
0 7441840199736
1 8863013209900
5 41027248557586
6 57384901796852
9 74686617981055
10 88000033930094
14 119427509814015
16 132592765017761
19 160000510826182
22 180801016042246
24 199926835056624
29 242323610491562
31 258490445509445
31 260930856468898
40 332126178453296
41 337916430352524
45 371594467097276
48 401102312752242
48 401897685298743
50 416410069446458
50 416967513229462
51 420193882645179
54 444688704330858
55 451243405751798
56 461673670447599
57 475715627496473
58 475842711776245
59 485708082485269
60 499170973153130
62 514758666385319
63 522997386770902
65 535001804514921
66 543581900000966
67 550313695479546
68 560755975710711
72 591420696858338
72 596590045164672
74 611519849804116
76 625865618190784
76 631553505469454
77 635917100680249
80 658018649964469
82 679283328951832
84 690120134605985
84 691940741404570
87 717335492765934
89 732603321238514
95 779189389864913
96 789282094897088
97 800879023639311
50
5 19716354256864
8 29303681237708
9 32279185975818
16 55289736861380
16 55990876807791
18 61639871717974
19 65789848458915
19 68064678062480
19 68235429444366
20 71771245328394
23 80349719164940
24 83247592761691
24 83519351167650
26 91673838395992
28 95791926658180
28 95872892741978
29 99480123571707
33 114353793542607
40 137789171534502
43 147473301069756
45 155674412785473
45 157213204052671
46 159329094597701
47 162556485472566
49 169657487397692
53 181970514632993
54 186028619465456
54 187972309193412
57 196099053791143
59 204949598732362
60 205060700938269
62 214441620823288
63 216924559798913
67 230462932646001
74 254283578055835
74 256258004517265
78 269446187855303
80 276617375288129
81 278577468830316
83 286352387078538
86 295585933797241
86 296816976070829
87 298131199975566
94 321462751807842
94 322896354463928
94 323351100115485
95 326551283935645
96 331003502122746
97 331770408518996
98 336266326036842
50
1 16755476550538
6 59531806518738
10 102043763288752
12 119101568509543
15 149277392927531
16 151416192619045
16 159040638415882
22 213121027052149
24 227791064506854
26 246650204760819
33 314528580985582
41 388963057124865
41 390179646366771
44 419972217076177
46 434423777627197
46 436133165356130
49 465385346630847
50 472599283058195
55 526144647053419
57 545705337776402
58 546530720038455
58 547367103244350
58 552875708575818
59 557238091996509
60 568830051987076
63 602045528006600
63 602793285767690
64 608339429303747
65 620655290002025
67 631955596780731
68 642832498849937
70 661143922772966
72 682765217359125
72 686560848875535
75 716090485964266
76 717146956507776
78 735066292699848
78 737741251489743
81 765982370850508
81 766079804441055
85 803039789526178
87 826961679005848
92 873580745955996
93 879877050880275
94 885993889463796
94 894259145669848
96 910951847862540
96 912406834147390
98 923851593383939
98 928941714043857
50
0 1486506336444
0 1857428579915
3 13037744345309
4 17007293106717
6 21880688979738
7 24560727488632
7 25783201280699
9 31532505400108
10 34798181228488
12 41392491140931
20 70135860188503
21 71649826219086
22 76226473883194
22 78233548290906
26 90604851929053
30 105022223759420
31 106381582918493
31 108380652335109
34 116960849089046
37 127507898439917
40 136436771698903
43 146323111389380
44 152517294572511
45 154235905689031
45 156285580644546
51 174762609917465
57 194805050550708
57 195709525661190
58 200637806306834
66 224982030461421
67 228405289525780
70 241444322874184
74 254453874218091
77 264489851428508
81 278350526011130
81 278369935630078
83 284200123066029
84 287081048360251
85 289514544601726
85 289763491630466
87 296415725241717
87 297472708689194
88 302675933691281
91 309710670789557
91 310230357934641
92 314942256279119
97 332732419066571
98 335901049537548
98 336744403513035
100 340145862134379
50
0 4380402774362
1 10190393828358
2 19689365054690
3 30743218901577
4 41447484225214
5 53999768174459
10 91789918081676
11 101497821384354
12 112729845274789
12 115904912076075
13 120079713662340
17 159418032856362
22 206185878305501
26 240289885159774
26 242998956785070
28 260338429136037
29 267169442791860
31 281360397412245
34 314168085815022
35 320937612300979
37 338159570919559
37 339833865435307
38 350280648363958
40 363852605760928
40 366486833167823
41 375012422933042
42 381941022700223
45 408026326748034
50 449998068120503
50 452047967890703
52 474029951615213
56 511745729666220
58 529596565202371
63 569612109463936
65 591041667004780
65 592316591274350
66 598655417040466
66 602589056568430
70 630976316877900
71 645946182110185
74 674997102180754
76 688427485308289
77 697656660819787
84 760822266626387
84 763922067115310
84 764337070333341
85 771411705107158
85 773116387507921
91 827390349027226
91 827880376989346
50
5 36058677659842
5 38123639066044
8 61630410600814
9 63387241068446
9 69462459323683
10 71051376587877
12 86732077032786
14 98745357403809
14 99243294527717
15 106280998150493
23 165334621597391
26 189093321501135
29 208387799505666
32 231146213734158
43 303245321403222
45 317025534320010
49 348361759775181
50 350221535960848
50 353814862004801
51 358919956169703
52 368205441198930
53 372432253275856
53 374432846134446
54 380043560800105
55 389692345462563
60 427270273872234
61 432332530783003
63 442002987070619
64 449889565047590
64 450293135914444
69 485305465222781
71 503006738212976
71 503310586770167
75 526314280365499
76 533267291201347
76 537742699932073
76 539291359735968
76 539341165379704
78 553051952787551
86 602739364475943
87 616164715776211
88 622433732612137
90 636802309249446
92 649722018523155
92 651324251681786
94 658455464691324
96 675663814459977
97 680824887466709
97 684793419831951
98 689712497776167
50
1 10875473224425
1 17637801206277
4 46414742974288
7 73684334185419
9 98094061083043
11 114622330412484
13 132966607526626
13 134510282933416
15 150260718141499
16 164537170233273
17 176371785246987
19 191090281935603
20 201444751536715
23 234114343006522
23 239290150395848
24 246642439348038
24 249339768682760
27 272641472760074
36 362868422006888
38 386432132120765
44 442318625719292
46 467606201581350
49 498635034266573
50 499645621060646
52 520269935215825
52 522633308504485
53 533303884634049
60 605040921865524
61 616837507009361
62 619481934922310
63 638309807827866
66 660802061616966
69 696241532815104
70 706782986931781
70 708124943059039
71 714113018366361
72 722788171056896
73 734511258108530
76 762965040863019
77 772868433418983
78 783407167736964
80 804999111501443
89 890770897532668
91 912541030025100
92 921247566838121
93 935468650737118
96 959855297663098
98 980428985224875
99 988661913749130
100 997359074731043
50
0 74091204304
0 145196673892
0 307852086285
4 8180528384092
10 18718928375080
11 20937947127249
15 27116005992812
15 28271133635046
16 28591771609112
17 30306127960930
17 31617271468534
18 32371026570872
21 38152413342143
22 40918049360702
25 44980006923175
26 47422501838204
30 54337330026695
34 61487392435053
35 64118976384788
41 74736980626465
41 74856647954573
43 77221913576963
46 82553477986110
48 86334940530124
48 86744467898790
49 87560157739498
49 88013289063709
52 93137546501936
55 98595026753748
55 99777019077046
57 102466465465800
61 109896125067952
62 112097666720947
66 119381358092795
70 125039188108395
71 126866785495457
72 129772684863419
72 129793582688116
72 130056116175253
76 136463999430173
77 137711855376785
77 138713842232832
79 141194804148107
79 141212027131877
80 142755218203953
82 146846864430571
83 148485244666849
84 151370943441531
91 163607392146681
96 171604577924761
50
0 1287584973575
0 5861722036565
2 20116242188203
3 32338284622568
4 39739588141827
11 99615447398337
13 120817978390718
15 135178958226201
17 153543833624992
18 160627899157376
19 170182892651773
20 177378082081129
24 217489231137908
25 227426977571385
26 229768757794542
26 233276359790619
26 235752121989460
28 247344570630570
28 247606996447892
31 274566002894514
33 289953812732370
33 290329493996632
35 312845543271686
37 331130609869247
47 419552039464721
48 423126992606289
50 442572834975635
51 450016095579052
51 451336932621025
54 478392730930166
59 524640817298953
61 539324929909115
61 539421338954629
66 580963667288458
69 607535854226296
70 615315390898547
74 657402943110269
75 663709996943204
77 678041288141833
78 692558837259665
81 718125461687146
84 743693819578572
88 776662610350637
88 776961841613110
91 801779049981302
93 822831256069156
94 829190744403943
96 841611372947531
96 848115810795220
99 873133051916079
50
0 569774564190
1 2025716658106
1 3341382971314
2 4394324781058
5 10446213611123
6 12678534515292
6 13463747791584
7 15185113423351
10 21117657072550
12 23529751821334
15 29355075140627
16 31906584587507
17 32768514327477
17 34628791123970
18 36089357468551
23 46197876422693
24 46512169775167
26 50204702216540
28 54153416720638
30 57757083707469
30 58017531762727
30 59487646137520
33 65458028201798
37 72987066601507
39 76113462393007
39 76767610294095
40 78730541801398
42 81215283023856
43 83552688147262
50 96518603669315
53 102196201252233
53 103226249332390
58 112075114571485
59 115389064245947
61 118700654026321
63 122833072578642
64 124245278822058
66 128571073830484
66 128797273879313
67 129253821048350
69 134766528650760
72 139508752889189
72 140453523283920
74 143583688763415
81 157553762648101
86 166676682678540
86 166774946020081
88 170754122734637
91 177121723369570
99 191843189277955
50
1 2541863726859
4 5232217280057
5 7191119101433
8 11120141545501
8 11512591125322
12 16315805461750
13 18069369312465
16 20970717647345
17 22182487394645
22 28957668810328
25 33232683649249
29 38419382739562
33 43561944711212
34 44870358713035
34 45069744086661
34 45305753253812
36 48003170311762
40 52587774721090
43 56919654860617
45 59927783790552
46 60394140123132
50 65237962487305
54 71406819981377
55 72440655039698
56 73642696286557
57 74540906223461
57 74891284399946
59 77078770025885
64 83849572103587
66 87196294971615
68 88732376540943
69 90800617665436
69 90846016908980
70 92476732537931
72 94184621914480
73 96094890323594
73 96295681149010
74 97779335359355
76 99222275471838
76 99234755820823
77 100559274509653
77 100985444402418
77 101525757195291
81 106356281218301
88 115206881601826
89 116214590834739
89 117090519769147
92 120021714989050
95 124665740718890
99 130095252383697
50
8 78875813570088
9 81331022991036
9 81690617990202
11 104569323418096
11 105113542722044
13 117158759902120
14 127874456941983
16 146831320909772
17 151439976233751
18 157751627140179
18 163602985686966
19 169945169718967
21 186379686823580
26 228112977968556
26 232658378401337
26 236276388957787
27 238760988166000
27 239783532293965
27 241070423406143
28 253246206201775
29 254397519038850
36 322909447205384
39 348957961333567
42 369016854328637
42 369067844002136
47 413052056437000
47 419586706059876
48 425987374788314
50 446423797670753
51 447016930078531
51 454744791434727
53 466362844651328
58 511232213162320
58 513952282466890
58 516500448279486
58 516863342953230
64 564415072662372
70 616752471118918
71 623317547833669
72 633674104498916
76 669364440780442
76 672652366938776
77 675578603701412
79 693373672172917
88 779041433167994
88 779994156415328
90 797435703006940
91 804926345301524
97 856340359323377
98 867633949270984
50
0 1720991759323
3 14121694226719
5 18549633319282
8 29130191656448
8 30385537654138
15 56215580351020
17 60474197209639
18 66732713065161
20 72202396093599
23 83861434437174
23 84621040671315
25 88260588917006
25 91567724353245
26 93519930455358
26 94187490177190
28 100308198011781
29 105099930524106
31 112362268064942
32 114930987409826
35 123962094700828
40 143940538586107
41 145882023324027
42 151447579225713
45 160307204787941
51 182632477632287
52 186292890647549
53 188882221384104
54 192005902823144
58 205189911255657
59 211153162167259
63 223537130919839
64 226277028481935
64 227520633596457
68 243588957703533
69 246342001496657
71 254190496080976
73 259256908901239
73 259970070313145
73 260220693536953
77 274791035054188
81 286502757935937
81 286848071489519
89 316144480037430
91 322595774695599
92 327825284493318
96 340165852559008
98 349511932111343
99 349914484551683
99 350462396063485
99 352188604789480
50
0 591348428223
0 931729993411
1 3438811859581
2 4733619194904
6 10591027089238
7 12509479789218
9 15782635224470
19 33749927117229
22 38670991930273
28 48662429708942
30 51957372602604
34 58785226311094
34 58854204508271
35 60179207542699
37 63767553773745
37 63987764094209
39 67315500917879
40 70250938290229
41 71390384390306
49 85391510500073
50 87624748967905
52 90453576602361
54 92942810033686
54 93092418299280
54 93697401700012
56 96965996938171
58 101163815776371
59 102382354610341
61 105434324696610
63 108878649802864
66 114473217733280
72 124335794311480
72 124771736688974
72 124852172152542
74 127575227424050
75 130561212608580
76 131317799616527
77 133659965615586
80 138595004701161
83 142944867421350
83 144430098102477
84 145385635397329
85 147868909962059
92 159503107124951
92 159885089276205
93 160569229185965
94 161786724699326
94 162421883289891
95 163566101982512
97 167799358923922
50
1 603336737529
5 2720041485366
5 3089256714905
11 5957044683675
11 6034221238740
11 6303201801955
12 6912118010855
15 8138114775724
15 8232823351635
17 9648284450145
18 10213024775514
19 10392312349905
19 10515386509146
19 10673370547524
20 11174615966004
24 12941493382521
24 13047912576639
25 13733839979380
27 14751021460013
27 14913836856850
28 15270781788095
36 19767741945165
37 20453131888843
43 23277601927242
47 25465921501376
48 25933661765551
54 29578657827309
56 30312809579589
57 30928456608847
60 32484888616713
61 32879523984726
63 34315980673582
64 34509877610862
64 34753932137012
65 35308863481865
66 36063919785721
67 36251183553511
67 36268532163602
67 36383668539270
68 37011890018745
71 38339766533477
78 42411918672323
83 44979066680936
86 46635771787377
87 46959564581740
89 48122714278313
96 51884326476076
98 53166814092710
99 53355390527450
99 53503543392491
50
0 2923533468708
1 6333060571583
10 62850843476636
10 65176640462224
13 82396992566125
15 93996301275106
20 126247253384594
22 137335899532178
25 150952415251631
27 166978907200131
29 176441365241300
30 182233118078919
30 184516775325114
34 207366492768877
34 210792866089620
35 214448959525737
35 217371477962347
36 220152987727430
38 231962132120749
38 233991904964274
39 236017018297842
41 250162514056469
42 254412182445467
45 277752444063000
47 286250460544773
48 292145663458765
50 304436897384198
52 317235175333833
56 338276479870572
59 359239990617455
67 410590569484436
69 420930960340284
70 426106938419718
80 483808017903065
80 484955679463849
82 500013173541205
84 508972801482668
84 513038044922441
86 521287439031141
87 527855770378489
88 534302550519577
88 534596483489389
89 539549190174822
90 543627197494312
90 546409852873957
92 560150771084471
94 569171249226355
94 572532290600518
98 591806302953697
98 594170462107552
50
1 8207355375708
4 22505619593212
5 26670444956565
14 66216917769026
15 72508915217045
15 75505093507324
18 89000571944319
28 132930984609401
28 134463748951574
30 142297736090554
30 145070487255327
31 149090781236313
32 152715869299220
32 154824239784469
39 188762733768314
40 192907585659628
41 194541378579122
42 200327187027270
44 211454302520969
44 212358075489352
51 243881854050284
52 248635475490782
58 277994038129961
61 289581137649278
65 310117322041176
68 324537410522636
69 329401156681454
70 333284403864461
71 339447049264121
72 343694858379842
73 345171186409779
73 345489581882464
76 359716047790563
78 372254002451162
79 374337987334624
80 378310087122659
83 393268004344377
83 396367150251926
84 398087718685704
85 403364656930510
86 410307890415482
87 410736757163665
89 421189447008976
91 429991533242659
92 438293672560180
93 440936843498480
95 450052093534318
96 455660514099092
99 468558419142651
100 471906834420786
50
2 24201322416718
6 54723478047696
12 109421874743854
12 111479585227268
19 174470301196985
20 181604350558542
21 186394395344154
21 187552609976723
28 245750272293306
28 248382379578286
30 270009379183639
32 282199416309249
32 283779683393699
33 292975713280078
33 297131097232025
35 311124829803417
35 312824200065193
35 313966577726636
40 354645959516945
40 356442413482155
47 412564606098837
47 415275316902171
48 424648750959903
52 458762895420227
52 461998254477428
54 480625259942031
55 488344461783336
56 490414997596967
57 505874591756723
61 541289478547686
63 558751122572606
64 560107007342214
67 586333398431496
67 586633530832426
69 608062563863570
70 614901676033998
73 644012985640931
76 673142511679629
79 696059245396235
81 709845223237675
84 737473712521575
84 739194499595522
86 753007050149808
88 775338599103981
90 792490975963961
91 800107615225438
96 843241376425548
98 862407766588021
99 873777068421194
99 873965167975094
50
1 13377395598246
2 19878317361090
5 35788296901333
8 58843032346710
10 68208506004024
14 94400272454163
18 121052365236926
18 122389189839725
18 123296653226468
18 124355814099918
21 142503930448480
21 143063525566910
23 157530539157174
24 161317299643778
25 171660958418979
26 174003655856161
28 188883480838860
30 201129672910470
30 202007226249232
32 219350398500395
33 227115957167382
34 227996035797382
37 251030227258273
38 260516597348325
40 269430154853827
40 274158996895849
41 279134577178816
44 297126941762209
44 298143880401158
45 302191099028672
46 310162395647508
47 320934618519796
49 333630977379221
49 334255342346067
54 367878378951789
59 398985291907255
70 468440457561325
74 500789609635516
79 535095823929876
82 554070963093923
84 567152220985151
85 571906345672475
86 580350342793238
88 594526713533807
92 617041641497127
92 621038526280721
96 647590463391029
98 661733754333403
99 665765560277276
100 668869779912347
50
0 2651333426513
2 6372035787370
3 11553129223883
4 12465423149555
8 24674044990003
8 25998081393544
11 34144255197143
11 34854336926042
13 42403269142837
14 43814845545254
19 60965304592355
21 65043651057836
22 69108544969297
30 93237775882519
37 115582138503431
38 117683700784822
45 139560027718913
46 141523065072550
50 153761502872156
51 157545966325912
52 159499062763042
55 170302974657531
55 170309143563404
55 170870312464825
58 177479855099727
59 181196227902990
60 184550510604290
60 185726880133002
60 185741677019380
61 188585879131978
62 190943285451596
66 203948784251062
67 207458843616674
71 219832087956259
75 231766412449892
77 235939823000924
79 242082856164667
79 244227554036830
80 244551581140484
80 245651057597617
83 253789546298833
84 258404466730971
87 265840852184488
90 276850202082687
92 282034826286871
94 288107911488804
95 292193666279602
96 295790789354570
97 298148849718700
99 303180743032517
50
0 2614392614802
2 12918937301760
3 16092322442775
3 16105793746063
3 17300826339614
4 21736036624809
5 27545024194140
6 29867887223834
8 37617641298435
9 46647941781684
11 51567540568718
11 52372618709231
12 56162056794112
14 68158802220565
19 91799920314326
19 93555673415963
24 113744306659563
25 118195520546701
26 125235190774300
28 133672507471311
30 142214337361296
31 148993544756103
32 151752599403186
40 187471228070091
44 210417221290085
45 213628538286173
50 233889183539910
50 237424363080566
51 241816077304180
52 244307395126204
53 250226662071204
55 258823335311009
60 283063199039826
60 284725543612687
63 298617286049902
64 301644656011935
65 305191396474346
65 306055411914920
66 313411505943479
78 365414699262475
78 367556431587195
79 373027311932744
80 378136627852630
82 384255400806631
82 385924146404196
82 387770425066139
93 439711665055029
95 444933575970717
95 447330374755485
99 464079141363050
50
3 21422899100035
3 22253676980634
3 24630804046577
4 26586028294849
5 36880906017101
8 52844892006606
13 84203695831090
17 110274061270193
23 147184088121895
25 158092844532981
27 169856505892521
30 190170878060836
32 201097482468548
34 214273664636653
35 221007103000956
38 240150339454131
40 247272200304206
43 266912497752254
51 320200452605508
52 321085739339893
53 329325438669736
54 335320176328516
59 367379764429137
60 370758757311500
63 389311804085304
63 392055723853531
64 397262909520831
64 398031899676209
66 409093431801411
66 410015233820452
72 447578165723553
74 455935028403042
75 462272258142839
75 463092002458634
75 463594979852950
75 467169202771471
78 484585979598340
79 487372800383682
83 515126990583651
83 516749342767800
88 545858541385272
89 550772475054421
89 551181353129638
89 552254339155855
91 561665766986869
93 575556392506898
93 578606487581083
94 580491945620732
97 600949540539954
100 615770101164442
50
0 435722046974
0 861539339288
2 4533577293277
7 12718682871816
14 24492809680728
16 27422137631357
16 27595552984727
16 27940380717123
16 27969468284548
19 32769381641469
20 34415972332880
22 37841045326153
24 40110693737400
25 41612261626817
28 46158130077478
29 48888785686498
30 49357885208028
31 51398471258381
37 62303373285184
40 67084042330606
41 67684755476808
42 69895290359623
49 81438130888981
50 82829452865013
53 88812656401641
58 95510736426429
59 97237334053758
60 98820584723532
61 101146448176418
65 107730053727746
68 112470174528810
69 114365569123155
71 118360827386899
73 120715255573752
73 121258914764942
74 121912144740315
80 132920486617877
81 134635846193881
82 135574645819222
83 137573833349156
86 141655860433949
86 142307958981409
88 146096997096750
89 146493992446096
89 147851472109637
91 150864235483414
91 151364181304619
94 155561683165030
95 156470799643611
95 157307626108336
50
0 994380845199
0 4653453077209
2 28026969924930
4 42400314736684
4 46443433405770
5 49850008538134
5 57227708867164
7 74681653189797
19 195189909254550
23 232225721700395
23 238618960792235
24 245925370132286
30 303572522402404
31 310838221996595
31 311416813552474
37 368732341949338
41 410405164548342
46 463519049644552
47 476102863802996
48 487425312383563
51 515039446188378
53 531506716887061
55 554286761200508
57 575087844363179
58 585706723961578
60 602009429757100
62 622080314363554
62 626689687350294
67 668633635451543
69 688038666987493
70 696321874833662
72 722195770755035
72 724110391392001
75 749722479806661
77 769034486303200
78 782749728027538
81 814502439659877
85 848965881012833
87 867018648544190
88 876472094752432
89 890352823992892
90 898898875044297
90 905218437283759
92 916705754348737
93 929316434618070
94 938323262846551
95 950933215861393
97 969002063511976
99 986255031763672
99 993707266613551
50
6 35769601920420
8 43382812182405
8 45535600381102
9 51540732535588
12 63488454031744
13 69490521466352
17 89115620523580
17 92201608039559
27 139291411183716
27 141622896163321
30 157071946812818
33 170828066650394
33 175007033448277
34 176915021369444
34 178064548120588
35 184505642327158
35 184945606375376
42 218783361918031
42 220610021087088
43 224840435699395
44 228472952856992
45 235855750869858
51 267949445572472
52 268731827899586
52 270295387421852
58 301871631764817
59 307425508477587
61 317269213270498
61 319552541720656
62 320876659129632
63 329103919386083
63 329725943976602
63 329860688227773
64 330634982383682
69 357626450448232
71 367306536733756
71 367476047903495
73 379093497265610
74 381636841504272
80 412600101465541
82 426194756888027
88 454497036526706
88 457321480745322
89 459028740128330
92 474685472375187
96 497755896587819
97 500474592945909
98 506679142524126
98 508051098200535
100 515407325355897
50
4 25214648279469
5 31211445081760
8 46185502030044
9 56401934434574
23 133974639917739
23 134034119662455
23 134932742934049
24 135744409727210
27 155252339139594
30 173365768181315
30 174111145566829
31 175745638137928
35 202570753222331
37 213730427708916
40 228151008805458
41 235998834062904
48 271427886554371
50 284251702059345
52 294185723005262
52 295640162699162
54 305872083266570
58 328397028644145
58 329331398497604
58 332310442125298
58 332398201622386
61 348560661865421
62 354978243821912
65 371424318065441
68 384721007718626
68 388777631485593
71 406721613700544
72 412370525001939
74 422665298274154
76 434666500268957
78 444935292549383
79 447531777806552
80 451912904111716
81 460170940462342
81 461868595177535
84 476813003935906
84 478324977305891
86 491455283221490
88 501310813640790
90 509324862551285
92 523934560787240
92 524386704990829
93 526465016028433
95 540613533337445
96 547367690238333
99 564818171571821
50
3 31671138752644
5 42053301277542
5 45121772201149
6 54490592064408
9 78097324875295
14 118074950531402
15 119685663198043
20 158625348508134
21 168543888864389
22 178618809613885
23 187212129880505
25 202964525650864
27 220840963045531
29 234535353634278
31 249234832615035
35 284360267986857
36 290147248457148
40 319240372613839
42 339674636499046
44 350945991538643
45 363505538558542
48 383600429777486
50 395889234408072
50 401346806982728
52 418990677342574
53 426502508263872
55 440018309058654
55 443395942537039
58 460441972435766
58 465592778054561
61 483905420372365
61 487369659683926
64 509244653591878
65 519692542608453
67 531694448315827
70 558601946109052
75 598238192958212
76 601928192088093
81 647849575110411
82 651347325761914
82 657176129117399
83 660742459010371
84 667562047483265
88 701949109027022
94 744363387119953
95 753629053952701
97 771736751623583
97 773811500207396
98 780367877135962
99 786337071061346
50
0 1755794192842
2 14376089304888
3 20305922973197
5 36452298283075
8 53148385836453
9 65471221310201
9 65493668250571
10 67928565687751
12 81310539673920
16 107421881564620
18 120356082375990
19 130556958555073
19 131821801819355
20 133049650130727
26 174244855496340
33 221443005497320
34 226428091688087
34 230563160972507
36 237723575157907
38 252550487537004
44 293658890636002
44 296599054093550
45 300508913338171
47 313877609088182
49 323334063118819
50 335308430230671
51 339822243822892
53 355258087205920
55 362791285391877
58 388743685641379
61 407057183610320
64 423193531093387
66 436121135876821
67 444697361153493
70 463375146696170
72 476425856652980
74 491977736647227
76 503760975027665
82 541459445422617
86 569963430315413
87 579379711281545
94 620614268891425
95 629912914889328
95 632744648732909
96 633901901421254
96 636646482426753
96 637855712816456
97 641606070095334
98 652175909827798
100 659109009096781
50
3 18314023821443
4 23501182394215
5 26545996671574
5 28485113132616
8 42916816307946
11 54591199572036
13 65349697002308
15 76759532787102
16 80944590019114
18 91414538280783
21 102081084179389
22 109138177953338
23 112547003627196
26 126386307095326
27 130631098943389
28 135803347053421
28 138663301499894
29 141177518738684
30 145592988475461
32 156587847885245
32 159336714175386
37 182066200093340
42 203618143616790
43 208910996968289
47 228523770287077
50 245683889399000
50 246396685667699
51 249537099288611
53 257113363454280
53 258305740678119
54 263533644792907
58 284413432869744
58 284422631688582
59 285126197745342
64 309568769023145
64 310678716895867
68 333360221785711
72 352018348803877
73 357516759596270
76 370272564626807
76 371852978013161
83 402070889978389
86 419110630629842
89 434189927793061
89 434682529660127
90 437250412252797
91 444264893677250
93 454076034926430
96 464103316633331
100 483130756211177
50
1 14005723254291
2 28761225184185
5 54548925184145
6 58132625134407
6 65114798193395
8 84160786035668
10 105129288679776
12 119888218412212
17 164336425970905
21 208618471593283
23 226185091297786
25 249351434048757
27 263044163806075
27 267192073382079
28 270150369507423
31 302318571525982
32 314480150614247
33 318805595963590
34 330688222927942
36 351338685362421
38 367625411571730
38 368122066093230
42 407782836212807
43 420705494124953
43 421593352864758
44 428816020249414
44 433699111852382
49 478929177103958
51 498011388182079
58 567499701199915
58 568627724428679
61 596181605849971
63 614976288133012
64 622304430476694
64 626061116762761
65 635154061592327
69 669968610145638
69 674185668093797
70 680308425017811
71 692054583292611
76 736742287392757
79 771020643293126
80 771706772452154
83 801662598707458
87 841641585851958
92 892129099355655
93 901599375710838
94 909183522394509
96 932902282759905
100 963775804116408
50
1 5364792568104
3 10326048564693
4 13393961923164
6 17163249570744
8 22558522770482
10 28573763020820
11 31198263595940
12 33633048435878
16 44661866247784
20 56733935728952
22 61883815451145
23 64927978107504
24 67340199620350
26 73000338833800
28 77067140896116
28 78056341293257
29 81421511231168
35 97037185204317
35 97504717498352
41 112066248599136
43 116887580062016
47 127697201915303
47 128721020121423
51 139673539144737
54 146794933861892
54 147481106932574
55 151648708841439
55 151849069140413
60 163260055286612
63 172317702587011
64 175466722659571
66 181516002629024
68 185221543952416
72 197444063257107
73 198695622669581
73 199269731815896
75 203717675849097
76 208782133598873
79 216543364796209
80 217124029949784
81 222552130698527
83 227980231447273
84 229170477323278
85 232839601262685
88 238879234711983
89 242071083006727
91 249313359483048
91 249498970734234
97 264504701810035
98 267204114093072
50
0 2524608289418
2 19441996350461
3 28744162531582
4 33482485929061
5 45691529904945
5 47171466430965
13 107873828800776
16 134455741580787
20 162496396177315
25 207267996086832
26 215636471377446
27 220136525161750
30 240220109889749
31 254309444927189
34 279085343896430
34 279528759192986
36 291823355798162
38 307832358192128
38 309756813746710
39 313986464287176
42 338446765557779
50 399609906401201
51 407883159883698
51 413264781345083
53 428421478046252
54 439259478731837
55 441246123617805
58 467637192402356
61 488302300102692
62 496179287299836
65 519561059388781
66 528912647658490
67 542245788512482
72 580164804195693
73 585103223483571
76 614457445814652
80 639054007322757
80 644073626344096
82 660252673191702
85 686832278634980
86 691863288447088
87 700800915504606
91 727214892264753
91 731230242456231
92 734761309878710
92 739398593171893
92 742690883922396
94 758630521459036
95 759294039001933
99 791435376698010
50
0 458563273122
1 1383525393753
7 6075837228816
9 7659093398761
9 7671854971266
9 7788763024477
11 9100325936189
14 11782699137538
17 13538316181928
23 18812028164499
25 20306939338589
26 20873212407146
28 22919359512156
31 24751407124552
32 25563232839392
32 26069222834452
33 26236482502856
35 27966244713188
43 34647374816588
45 36058375482006
49 38898762911324
49 39306422104467
52 41332942402455
54 43629378163057
62 49572014692530
63 50227816650471
65 51823407261978
65 52049504365527
66 52569025908312
66 52653275509634
67 53941776637961
70 56246319645515
72 57249176915529
73 58321401504876
73 58479162114142
74 58701345164841
75 60189098371387
77 61213512815925
77 61450396192087
80 63773449359358
82 65131686988070
86 68369141687864
86 69013743639744
89 71225768644172
91 72301744247897
93 74410520147357
94 75153539766353
96 76783825223389
97 77202195018866
99 79088801238105
50
0 1444039008058
0 4627478987621
1 7184139468800
1 11884865694003
2 12862033910026
6 40048114699481
6 41597029929014
11 67085468162848
18 107058839644990
18 111532568350717
24 145592508128645
25 152328033416214
27 165009565143465
28 170796233975372
32 193435570511750
33 198428429310735
33 200425191865456
36 218554612780236
37 219904451316730
38 226189061305632
40 238483875098486
40 240977090515162
42 253007130248328
46 279294343809103
48 286177015664087
48 287281892539296
50 299741697357722
51 303437106877565
53 317441916426120
58 348537480869794
60 359623940639461
60 361670890629099
62 369294507310050
63 375006351484783
66 392707567465733
66 395411340535458
72 432336556554380
73 435392531026294
80 475406810823896
80 476408282594024
80 481080204029711
81 481819758621334
82 489890824299600
85 508705554172507
86 512514600244172
87 521860102787992
90 534818956230198
91 543870015640348
95 570042619959798
97 582147366384918
50
0 4681611122710
0 7759259128657
2 17098975451424
3 25242592656566
5 44602886830038
7 62310288841501
8 66598551806785
10 90864233200341
11 97408595343267
14 122958191568775
17 141063227362272
17 147717889146062
22 187470052276334
22 189402622514186
24 202167630617525
25 207430901565756
25 208667361064708
27 226515955421249
28 238814722997685
29 244311993180452
30 249454624146134
40 333830426866884
44 366528502622224
50 416907776795249
52 435644130997117
53 446799497840250
57 477590884237796
57 480833250738312
59 495143937524385
61 508612606394997
61 508739492848008
63 530574621504345
64 533351870169161
67 562882072666856
68 568597945454695
70 581223345308398
70 587265824838336
71 596896449192387
75 625768360863764
78 652068026369661
79 658137349834569
80 663218276880432
82 683838122126911
84 696604917980379
85 710319058218408
89 742649527880899
92 764254869956301
97 806769881037651
99 823624812233069
99 827820409916213
50
1 4319122682694
8 27794659034329
10 37499616045509
16 56410868679626
18 62492669477572
19 65238466621495
20 71406952913104
24 84797235087647
26 88775965120252
29 99890129394262
30 105282168569339
32 109356694743619
32 112403690762518
40 136362240165494
40 139086139611384
42 146236665961142
42 146583026835409
48 166303712575569
49 167213602983270
49 169523174769959
52 178637918042794
56 193283548601889
60 205901487409161
61 208149215077210
63 215096488961503
64 218968247382663
65 223699690073890
66 225851461229805
69 235405749102222
69 238582411483017
73 250912008432755
75 256157739908187
75 258403546103213
77 264386871096050
78 267878677476087
79 270300598485304
81 278494646657389
82 280467755126715
82 280942569619959
82 281048657379996
83 284439000519051
86 296587872359948
88 300366765348388
90 309647547058044
92 315202298470315
93 318281678939403
94 321948112268674
96 329490446062435
99 338922377344713
100 340905600413735
50
3 1532013687370
4 1792888928921
5 2087806403014
6 2420318358438
8 3089892191823
8 3222322846542
8 3231275732704
10 4006901009638
12 4616955693996
12 4804790002973
12 4916208185036
13 4993475228891
16 6480905156589
17 6681167849018
18 7268050435926
23 8848417240956
23 9055375799182
24 9520097874401
25 9911807543207
26 10156199762057
27 10490380778787
27 10704660567988
30 11830248695857
37 14356353771726
42 16472950825175
44 17106391934477
46 17810071123502
47 18246027746134
49 18784247484614
50 19207996860255
51 19909644499412
55 21310315045772
56 21758997686486
60 23264575524956
63 24527029849024
69 26492549807530
69 26796223364024
72 27691522620619
72 27930312065088
72 27976143421542
80 31042022152670
82 31459045247879
82 31674532907789
82 31691333132636
86 33039085505837
95 36591281921089
95 36600812053276
96 36976601899427
99 37975714780461
100 38323484139101
50
4 1509811061254
4 1536299237635
7 2613721818880
10 3518042841463
10 3635721388326
11 4160419936322
13 4605229241608
14 4950723069350
14 5044026732323
15 5458551057731
17 6131713212562
23 8236250639513
26 9229159949539
28 9764154912048
28 9998957708808
29 10304015037106
31 10976326453507
32 11364217693666
38 13427938361089
40 14014399677957
41 14452894159416
43 14961691372655
45 15649117667067
46 16131778182395
47 16356664347367
47 16396034824045
47 16686220591378
52 18091582891810
52 18239796303955
52 18323796089794
52 18424368569645
54 18854909373052
54 18997524085965
60 21205405334875
64 22267386470820
65 22795134259324
69 24066689367122
72 25103050491712
74 25856922893341
75 26312505801480
77 26950865316939
77 27011268954972
80 27956569306250
85 29757945005625
86 30214246325413
89 31122660041090
92 32165653280660
92 32248350749356
94 32769458238489
100 34762959565371
50
0 182750090258
1 7364594658690
7 33331996881319
8 36763160907706
8 38393220613243
9 40139650490090
9 42076130418052
13 56141182660229
15 64858148329294
18 80829262919770
20 85785587722852
23 102942705267421
24 105772409987061
26 114530250495317
27 117681210563505
27 117941226623946
27 119966699196145
28 121987792406046
38 167021071497523
40 172034550877942
40 175809880102121
41 178614095854262
43 186834549697658
43 188700815213742
45 193769748178823
46 201052959356094
47 204544980710018
48 209386567904968
49 212604681477538
56 244431628903587
61 262295103145774
61 265872120357921
62 268786143077258
64 278803160099268
66 284238429159131
66 284766756589273
66 287244379230338
69 297471881230697
76 329397921339666
76 330274512732980
77 333630373295102
80 343626143165562
81 348284228923831
83 356712216394143
86 371850083886577
87 376990653945584
88 377858425177060
88 379050243170695
95 410339929666317
99 428621510704961
50
0 1428376208895
1 8970863929891
5 44172914354661
7 56260506023373
12 95158620895550
12 98484004400848
17 134441001794500
18 140530252177518
18 140834462612579
27 208045760988664
28 215192888306288
32 244519502428939
34 260933568181407
34 262556831596544
35 267791376784410
36 275477417349617
38 290172095210671
38 293668095241677
40 311199487447105
43 329432285147473
43 334710394050154
46 352523775923047
48 366940722439436
50 383408993160118
51 390813456183933
56 430835039726764
58 444390869812890
59 452690876095608
59 454595060782295
65 500101655997509
68 522580480649402
68 524824793005124
70 535007612386027
73 564113455038877
75 578513033902888
76 585486281904899
78 599285124275576
80 611187071729331
81 618151408963687
81 623528681846767
83 633413798266853
84 643852540695612
84 645046858851767
86 662451724738027
87 665289410538328
87 667453155874308
89 683530870443842
91 695710702473182
96 734635548230250
98 747743280092977
50
0 281408667487
2 19227739303229
2 27606425680244
5 53089903146475
6 56738967914193
6 57506626579998
7 65580212004933
10 98886312879929
12 114471028464306
17 160771867232056
19 182739928310920
27 250569684281704
28 263397385790813
28 266262679475818
37 341255242427686
41 379693328022420
43 403379576190171
43 404017904597723
44 404894243310271
45 419633668637943
51 473383827320530
51 474816839254097
53 491055220393454
55 508853773376914
56 516515369850132
57 529046391152922
60 555216566306098
60 560196867673943
61 569940426132480
61 570532797391744
62 572799245754953
62 576953722485206
63 588375127309218
69 636004652728215
73 673373507431669
76 700173409575910
76 700912947737188
77 717767067686389
78 720596611418020
82 760143871313065
83 768017185740122
84 773330975659116
86 799795658460415
89 821750625152596
90 830099066690338
91 842651058984948
91 843529027675623
92 853457138691413
96 885075398508171
98 907145974537279
