50
10
2 17
15 118
19 143
25 191
45 339
67 500
74 549
80 594
93 694
95 706
10
1 19
7 133
35 618
35 619
37 652
63 1107
82 1432
89 1541
98 1705
100 1731
10
3 8
37 81
38 82
46 100
64 139
75 162
77 167
81 176
89 192
100 215
10
1 32
24 420
25 438
33 566
38 646
40 696
44 756
64 1094
66 1127
100 1699
10
30 352
53 621
72 845
75 875
82 963
94 1101
95 1105
96 1116
96 1124
100 1162
10
17 21
38 45
48 57
49 58
61 73
63 75
77 92
88 104
97 115
100 118
10
2 40
7 128
30 490
49 790
62 1013
67 1080
79 1283
80 1296
96 1549
98 1581
10
9 168
30 552
32 582
58 1036
58 1052
60 1081
64 1157
67 1204
75 1351
90 1619
10
29 42
59 85
63 91
75 108
78 113
91 132
92 133
93 134
95 138
99 143
10
9 51
14 80
19 108
29 166
46 259
49 278
73 412
74 418
78 440
79 445
10
13 265
19 376
36 687
37 717
48 926
55 1047
77 1464
90 1716
95 1810
100 1896
10
10 201
16 300
19 352
22 418
43 796
48 898
50 940
53 981
65 1206
100 1849
10
20 87
22 94
33 141
35 151
56 238
63 267
69 291
96 405
96 405
100 420
10
0 0
6 84
12 152
31 384
37 450
69 837
71 856
81 980
87 1050
100 1203
10
11 34
20 60
24 71
31 93
63 186
80 235
82 242
92 271
94 277
100 292
10
24 493
33 666
37 740
58 1161
61 1210
72 1436
81 1604
81 1611
92 1830
100 1977
10
19 199
37 387
44 458
44 461
52 543
55 569
55 577
90 936
99 1024
100 1032
10
2 8
3 9
41 118
44 126
51 146
79 227
91 261
94 268
94 268
100 285
10
8 25
18 56
19 59
21 67
39 121
52 161
60 185
79 245
86 266
100 307
10
9 120
12 152
15 184
18 221
24 303
58 706
74 909
78 948
79 965
86 1054
10
17 145
19 161
28 234
55 462
61 511
67 560
81 675
88 732
99 821
100 828
10
0 4
5 52
8 83
34 321
61 564
69 644
73 677
89 825
96 892
100 924
10
15 142
27 250
29 265
39 358
66 602
68 624
73 669
83 756
89 815
91 832
10
23 3
23 3
23 3
30 4
38 5
53 7
53 7
61 8
76 10
100 13
10
9 52
15 85
16 90
22 123
39 217
51 286
53 294
69 383
83 459
100 551
100
0 1
3 8
3 9
4 11
6 17
6 18
8 21
9 24
10 27
10 27
14 39
14 39
15 41
16 42
16 43
16 43
16 44
17 45
19 52
22 58
22 59
23 61
24 63
25 67
26 68
26 70
29 76
32 85
32 86
35 92
37 97
37 99
38 100
38 100
38 101
38 101
40 107
42 111
44 115
45 118
47 123
47 125
48 126
48 127
48 127
49 129
49 129
49 129
50 133
50 133
52 137
52 138
53 139
57 149
58 153
58 153
58 153
58 153
60 159
61 161
62 163
63 165
64 168
64 169
65 170
65 171
65 171
66 173
66 174
67 177
68 178
68 179
68 179
71 186
71 187
73 191
75 197
77 201
78 204
78 205
80 209
82 215
84 220
84 221
85 222
85 224
86 225
87 228
89 233
90 236
91 238
91 239
92 242
94 247
95 249
95 250
96 252
96 252
98 256
100 261
100
0 6
3 55
5 97
6 120
7 140
9 164
9 167
9 177
10 184
10 187
10 187
10 190
10 194
11 205
13 250
14 262
16 297
17 307
17 318
18 334
20 360
20 366
20 367
21 385
22 397
22 407
25 448
27 489
27 499
29 525
32 589
34 612
34 618
36 646
38 685
38 689
39 699
39 703
39 708
40 716
41 734
41 737
41 745
43 786
44 793
45 809
45 816
45 818
47 853
48 859
48 874
49 883
49 891
49 893
50 896
50 902
50 906
51 917
51 921
52 934
53 964
56 1004
56 1017
58 1047
59 1062
62 1115
63 1144
64 1153
65 1164
66 1186
67 1209
69 1246
70 1253
70 1259
70 1267
73 1321
79 1419
79 1427
80 1432
82 1473
84 1510
85 1521
85 1524
85 1526
85 1533
86 1541
86 1549
86 1552
89 1597
90 1613
90 1617
90 1619
90 1620
91 1634
92 1658
94 1687
94 1689
96 1722
97 1739
100 1788
100
0 8
2 40
2 40
2 49
2 50
2 51
4 82
6 123
7 140
10 183
10 185
10 190
10 199
12 218
12 229
13 249
14 266
14 266
14 272
15 282
18 333
18 342
19 353
21 391
22 410
23 424
24 443
27 496
28 515
29 540
30 556
31 565
31 578
31 581
32 592
33 608
33 613
34 625
37 684
37 690
38 691
39 710
39 723
39 723
40 742
41 749
42 766
42 775
42 778
44 801
45 829
46 853
47 868
48 880
50 915
51 943
52 945
52 955
52 955
54 981
54 989
55 1000
55 1001
56 1034
57 1047
58 1062
60 1090
60 1101
61 1125
63 1150
64 1171
64 1174
66 1206
67 1234
70 1274
70 1288
71 1297
71 1303
74 1345
74 1357
75 1368
75 1368
77 1407
78 1421
78 1427
81 1482
84 1526
85 1555
86 1563
86 1574
86 1579
87 1598
91 1667
92 1684
93 1697
93 1701
95 1727
97 1765
97 1774
97 1775
100
0 1
0 2
3 29
3 31
3 33
4 37
4 39
6 52
7 61
8 71
9 80
9 82
13 109
13 115
14 122
14 122
15 128
15 131
15 132
16 135
17 143
18 152
18 154
20 168
21 177
22 188
22 189
24 202
25 207
26 221
27 226
28 232
28 235
31 257
31 263
31 263
34 288
34 288
40 331
40 335
41 341
44 371
44 371
44 371
46 383
47 393
48 400
48 403
49 405
49 412
50 416
50 420
51 426
55 460
55 461
57 479
58 487
60 503
61 506
61 510
62 514
63 521
63 524
63 525
64 530
64 536
65 538
71 592
72 596
72 599
72 602
74 617
74 618
77 642
77 642
79 656
80 667
82 680
82 685
84 697
84 700
85 706
86 712
86 717
87 724
89 739
89 740
90 744
90 745
90 747
91 755
91 757
91 759
92 760
96 795
96 796
97 805
97 808
99 825
100 826
100
0 4
1 20
1 26
1 31
1 33
3 68
4 78
5 110
6 123
7 138
8 157
9 179
9 182
9 185
11 213
13 255
14 266
14 275
14 277
18 349
18 357
18 360
19 367
20 388
20 392
21 402
22 433
23 440
24 462
24 465
25 476
26 512
27 516
27 525
28 532
28 535
28 550
29 555
29 562
31 592
31 596
32 609
32 611
35 672
36 688
37 718
38 724
39 755
39 757
40 759
44 837
46 886
47 904
48 919
48 923
49 935
50 951
53 1023
54 1027
55 1058
56 1065
57 1083
59 1123
59 1137
60 1146
60 1150
61 1173
62 1191
63 1201
64 1220
65 1241
67 1282
68 1299
68 1305
71 1356
75 1427
78 1495
78 1496
79 1500
79 1504
79 1516
80 1535
81 1550
83 1586
84 1598
84 1599
85 1630
86 1634
86 1650
87 1656
89 1697
90 1722
91 1733
91 1740
91 1744
92 1752
93 1767
93 1781
94 1799
100 1897
100
1 6
1 9
2 11
3 16
4 24
5 29
6 30
6 32
8 40
11 55
11 57
11 57
13 68
15 74
15 76
15 77
16 82
18 90
19 93
21 103
21 104
22 111
25 126
26 129
26 129
26 132
31 153
31 154
31 154
33 165
35 172
35 172
35 176
40 197
41 204
42 210
44 217
45 221
45 223
45 224
45 224
46 227
48 235
49 241
49 241
49 242
51 250
51 253
52 258
54 266
54 268
55 270
57 280
58 286
58 287
58 288
58 288
59 290
59 292
60 296
61 301
62 304
62 305
64 317
64 317
67 328
68 333
68 334
68 336
69 339
69 342
70 346
71 348
71 350
72 356
73 358
73 359
74 364
75 370
76 373
76 375
78 384
80 395
81 399
82 403
83 406
83 407
84 415
85 419
90 443
91 447
92 450
92 452
92 454
95 466
98 482
98 483
98 484
100 489
100 489
100
1 1
1 1
1 1
2 2
2 2
4 4
4 4
7 7
8 8
8 8
10 10
10 10
14 14
16 16
17 17
17 17
18 18
20 20
24 24
24 24
27 27
27 27
30 30
32 32
32 32
32 32
35 35
35 35
36 36
37 37
39 39
39 39
41 41
42 42
43 43
44 44
48 48
48 48
50 50
50 50
51 51
51 51
51 51
52 52
52 52
53 53
54 54
54 54
55 55
56 56
58 58
59 59
60 60
61 61
62 62
62 62
63 63
63 63
63 63
64 64
65 65
67 67
68 68
68 68
68 68
70 70
71 71
72 72
72 72
72 72
73 73
74 74
74 74
75 75
75 75
76 76
76 76
77 77
78 78
79 79
83 83
83 83
84 84
84 84
85 85
86 86
86 86
87 87
87 87
87 87
88 88
90 90
91 91
92 92
93 93
94 94
94 94
95 95
97 97
98 98
100
0 0
0 0
4 1
4 1
4 1
4 1
8 2
8 2
8 2
8 2
12 3
12 3
12 3
16 4
16 4
16 4
16 4
20 5
25 6
25 6
25 6
25 6
29 7
29 7
29 7
29 7
37 9
37 9
37 9
37 9
37 9
37 9
37 9
37 9
41 10
41 10
41 10
41 10
41 10
41 10
41 10
41 10
45 11
45 11
50 12
50 12
50 12
50 12
50 12
50 12
54 13
54 13
54 13
54 13
54 13
58 14
58 14
58 14
58 14
58 14
62 15
62 15
62 15
62 15
62 15
66 16
66 16
66 16
66 16
70 17
70 17
75 18
75 18
75 18
75 18
75 18
75 18
79 19
79 19
79 19
83 20
83 20
83 20
83 20
87 21
87 21
87 21
87 21
87 21
87 21
87 21
91 22
91 22
91 22
95 23
95 23
95 23
95 23
100 24
100 24
100
3 43
3 46
4 51
4 52
5 70
7 93
7 93
8 109
9 115
10 129
10 134
10 136
11 142
11 147
12 160
13 173
14 181
15 191
18 226
18 230
18 235
19 243
19 245
19 246
19 249
22 283
25 323
28 351
31 398
33 424
35 447
37 464
37 471
40 506
41 514
42 533
43 543
45 572
45 572
45 574
46 586
47 600
48 603
49 615
50 636
51 641
51 642
53 667
53 668
54 683
55 696
57 725
58 733
58 735
60 758
60 759
61 764
63 789
63 796
63 800
64 803
65 826
67 843
67 844
67 847
68 853
70 879
72 909
74 929
75 939
76 960
77 965
77 973
77 975
78 981
80 1008
81 1016
81 1026
82 1027
82 1035
83 1041
84 1052
84 1056
88 1102
88 1103
88 1104
88 1106
89 1115
89 1115
89 1122
91 1145
91 1147
91 1150
92 1162
93 1166
94 1179
97 1217
97 1224
99 1249
100 1252
100
0 3
1 17
1 18
3 35
4 44
4 47
5 59
6 66
8 80
8 80
8 82
9 94
10 107
11 114
12 121
12 121
12 122
14 141
16 162
16 167
17 174
18 182
20 204
20 206
21 208
22 224
25 251
26 266
28 282
28 286
30 303
31 311
33 329
35 352
36 363
36 363
37 368
37 368
40 396
41 406
41 407
42 416
44 438
44 441
45 448
45 453
46 455
46 457
47 464
47 465
47 470
48 474
49 485
49 492
49 493
50 495
50 498
53 528
55 543
55 552
56 555
58 582
59 584
62 617
62 618
63 622
64 633
64 641
65 643
65 650
66 658
67 665
68 678
69 686
72 712
78 772
79 784
80 790
80 795
80 798
83 829
86 857
87 861
87 862
87 863
87 867
88 870
88 871
88 878
90 896
90 897
91 905
92 910
93 924
94 936
94 936
95 947
97 961
99 983
100 987
100
0 8
3 49
3 52
6 84
7 98
8 114
8 123
8 124
11 158
11 162
12 178
14 198
15 212
16 223
16 225
18 259
18 262
19 270
20 286
23 322
23 327
23 329
24 333
24 336
25 353
26 363
28 392
30 418
30 428
31 440
33 463
34 472
34 483
35 496
37 523
37 524
38 532
38 532
40 561
41 567
41 572
41 573
43 606
44 612
45 630
47 650
50 699
50 704
51 707
51 710
52 728
52 731
53 742
53 745
53 745
53 746
54 760
55 763
57 793
57 799
59 817
59 824
60 836
60 837
61 855
62 869
63 873
67 930
67 937
67 938
68 942
68 950
69 957
70 978
71 990
71 990
73 1015
73 1016
76 1060
80 1114
81 1124
81 1130
82 1134
82 1143
83 1154
83 1154
86 1202
87 1216
91 1266
92 1274
92 1280
93 1292
94 1300
95 1318
96 1328
96 1336
96 1340
98 1357
99 1381
100 1382
100
0 1
0 2
1 7
1 7
1 8
3 14
3 17
3 18
5 26
5 26
5 26
7 33
7 34
7 36
9 43
9 45
10 48
12 57
12 58
13 62
14 64
14 65
14 67
15 71
18 83
19 90
20 91
23 104
24 109
25 114
25 117
26 121
27 123
27 123
29 131
29 135
30 136
30 138
33 151
34 155
34 155
35 161
36 165
36 166
39 177
40 181
40 181
41 185
41 186
41 187
42 192
43 194
45 207
50 228
50 229
51 233
53 241
56 254
56 257
57 259
57 261
58 266
59 267
59 270
60 272
60 273
60 275
62 283
64 289
64 292
65 296
67 303
68 308
74 334
75 340
76 346
77 348
77 349
77 350
78 352
78 356
82 371
84 383
85 387
87 393
87 395
88 401
88 401
89 404
93 422
94 424
94 427
96 433
96 434
96 436
98 446
99 448
99 448
99 448
100 451
100
1 22
2 52
3 57
3 61
4 78
5 94
6 114
8 156
8 162
10 197
11 201
11 216
12 227
12 231
13 248
13 251
14 259
14 269
15 286
15 287
16 308
16 308
19 348
19 358
21 384
26 479
28 522
29 541
31 571
31 574
31 579
32 585
32 597
35 639
35 645
36 669
37 681
38 689
38 702
41 751
42 764
43 794
46 836
46 843
46 849
47 864
47 868
47 869
48 876
49 889
49 889
49 893
49 895
49 897
49 905
50 907
52 946
52 956
52 957
55 999
55 1011
55 1014
56 1029
60 1090
60 1094
60 1104
61 1107
61 1111
63 1142
68 1241
68 1246
70 1284
72 1318
72 1318
75 1376
76 1379
76 1395
77 1396
77 1402
77 1409
78 1415
78 1427
80 1455
80 1466
81 1476
83 1519
84 1527
85 1554
86 1561
88 1609
89 1627
91 1654
93 1691
93 1696
93 1699
94 1705
94 1711
95 1727
95 1730
100 1812
100
0 1
0 1
1 3
2 4
2 5
2 5
3 7
4 8
5 9
8 15
8 15
10 18
11 20
12 23
13 24
13 24
14 26
16 29
16 29
18 33
19 34
19 35
19 35
20 37
20 37
20 37
21 38
22 40
25 46
25 46
25 46
26 47
28 51
29 53
29 53
29 53
29 53
31 55
31 55
32 57
33 60
33 60
34 61
35 62
35 63
36 64
36 65
37 66
39 70
39 70
40 72
42 76
42 76
43 77
45 80
45 80
47 84
49 87
52 93
53 95
55 99
56 100
58 103
58 104
58 104
59 106
60 107
61 108
62 111
64 114
64 115
65 116
66 118
68 121
70 125
71 127
72 129
74 131
75 133
76 135
76 136
77 137
81 144
84 150
84 150
85 152
85 152
86 153
87 155
88 157
88 157
90 161
91 162
91 162
92 164
93 165
93 166
94 167
94 167
97 172
100
0 2
2 37
3 67
4 90
6 114
6 118
6 126
7 127
10 197
12 218
13 247
13 251
14 270
15 285
16 290
17 307
18 327
18 332
19 343
19 345
21 379
23 421
27 490
27 499
27 500
27 504
29 528
29 529
29 537
29 539
31 561
32 581
33 604
33 604
34 616
36 658
37 673
37 673
38 702
40 731
40 735
41 741
41 743
41 748
42 760
44 805
44 809
44 809
45 818
45 821
46 831
49 887
50 912
50 913
51 925
55 1008
56 1025
59 1063
61 1105
62 1128
62 1134
63 1142
63 1151
67 1217
68 1229
71 1281
71 1290
73 1329
74 1344
75 1361
80 1452
80 1458
83 1495
84 1516
84 1526
85 1537
86 1559
86 1562
87 1567
89 1609
90 1621
90 1628
92 1664
93 1685
93 1687
94 1700
94 1701
94 1710
95 1721
96 1735
96 1740
97 1750
97 1755
97 1755
98 1769
98 1772
98 1774
98 1782
99 1797
100 1801
100
0 17
2 43
5 103
6 113
7 131
8 143
8 155
10 181
13 242
15 270
16 287
17 303
18 328
20 359
20 362
20 372
21 373
21 374
21 376
22 400
22 401
24 427
24 436
24 437
25 454
25 457
26 467
26 477
27 484
27 486
28 506
29 524
29 529
29 532
30 545
32 577
32 583
34 612
35 635
38 682
39 694
39 696
42 761
44 785
45 803
47 844
49 878
50 894
50 903
53 956
54 961
54 972
54 974
55 992
56 996
56 1004
57 1018
60 1066
60 1079
61 1095
61 1099
62 1101
62 1115
63 1119
63 1124
64 1136
64 1138
64 1149
64 1153
66 1174
67 1190
68 1222
69 1226
69 1229
70 1244
71 1276
73 1300
73 1306
75 1338
76 1350
76 1354
77 1381
79 1419
81 1440
81 1440
81 1449
82 1457
83 1476
88 1575
89 1587
91 1625
92 1642
92 1649
93 1659
94 1672
94 1685
97 1732
97 1736
97 1737
98 1748
100
0 9
3 30
4 39
4 45
5 49
6 61
8 73
10 94
10 94
11 101
11 103
12 109
12 112
12 113
13 120
13 122
13 123
13 125
15 138
16 148
16 150
16 152
16 153
17 155
20 186
21 191
22 205
23 210
24 220
25 228
25 233
28 261
29 266
29 268
29 270
31 285
32 289
33 299
33 307
36 331
36 333
36 334
39 361
40 370
41 374
41 377
43 395
45 415
47 426
47 426
47 433
48 437
49 448
51 462
51 468
53 485
54 493
55 501
55 503
55 505
59 536
59 541
60 546
66 598
66 599
67 608
69 629
70 641
71 643
73 660
76 687
78 706
78 713
81 732
81 733
82 742
82 745
82 748
83 751
84 760
84 760
85 773
87 794
89 808
90 813
90 817
90 820
91 823
91 823
91 824
92 832
93 845
94 850
94 856
95 861
97 880
99 898
99 901
100 903
100 903
100
0 13
4 67
6 104
6 106
7 124
8 141
13 217
13 219
14 242
15 247
15 250
15 251
15 252
15 254
16 262
16 272
17 279
17 291
17 292
24 395
24 399
24 403
25 414
25 417
27 448
27 457
28 471
29 475
30 491
30 498
30 504
32 524
33 546
34 564
35 579
35 582
36 596
37 614
38 623
38 625
38 637
42 695
45 743
45 746
46 754
48 787
50 831
52 851
52 853
52 861
52 863
55 906
55 909
55 909
57 935
57 936
57 936
58 951
59 977
59 978
60 990
60 991
63 1038
64 1055
65 1072
65 1073
66 1084
66 1085
66 1086
69 1140
70 1153
71 1166
72 1179
72 1180
73 1196
73 1205
73 1208
74 1212
74 1213
74 1217
75 1234
75 1234
75 1238
78 1281
79 1293
79 1298
80 1316
83 1371
84 1381
85 1399
87 1434
89 1461
90 1485
93 1520
93 1523
94 1550
95 1556
96 1571
96 1582
98 1615
100
0 2
1 14
1 18
1 20
4 57
5 68
6 88
7 102
8 108
8 114
8 114
8 115
9 127
10 137
10 144
12 163
13 183
15 211
19 252
22 292
22 298
25 338
27 363
28 373
28 377
28 381
29 387
29 392
32 430
33 439
34 450
35 467
35 471
37 499
38 510
38 511
40 528
42 555
42 563
42 563
43 576
43 578
45 594
45 604
46 610
46 614
48 645
49 653
49 656
50 660
50 664
50 670
50 671
51 682
53 712
59 780
60 801
61 813
61 817
62 819
62 823
62 825
64 847
71 939
71 940
71 948
72 956
74 989
75 991
77 1020
78 1030
78 1042
79 1049
79 1052
80 1069
81 1081
82 1094
83 1096
83 1097
85 1132
85 1135
86 1138
86 1144
86 1146
87 1153
87 1160
88 1166
88 1173
92 1219
92 1226
93 1234
94 1249
94 1253
95 1262
96 1271
97 1286
97 1289
98 1306
98 1306
99 1318
100
0 7
2 17
10 82
11 87
14 109
14 115
15 120
15 122
16 127
16 129
17 136
19 147
20 159
20 161
20 161
21 167
24 189
27 215
28 220
28 221
30 233
30 238
31 245
31 247
31 247
34 268
34 270
34 270
35 276
35 277
36 280
36 281
37 286
37 293
38 296
40 310
40 312
40 316
44 341
46 360
47 363
47 364
47 366
48 373
50 386
51 400
51 401
52 404
54 418
55 426
55 432
57 443
58 454
58 455
60 468
62 485
62 485
64 496
65 504
65 508
66 515
66 517
67 520
67 524
69 537
70 545
70 545
71 555
73 568
74 574
75 579
75 582
76 591
77 595
78 603
78 606
80 618
81 630
81 631
82 637
83 641
84 651
84 656
85 657
86 669
86 671
88 682
88 685
89 688
89 693
90 698
91 704
93 718
93 718
93 725
94 729
95 734
95 736
98 762
100 772
100
1 14
3 42
4 44
4 45
5 58
6 68
6 71
7 77
7 78
7 80
12 132
12 137
12 140
12 141
16 180
18 199
18 204
19 215
19 216
20 223
23 253
25 278
25 284
26 289
27 298
27 300
27 306
28 310
28 313
28 316
31 342
31 343
31 351
33 373
34 375
34 384
35 389
36 401
36 402
37 408
40 440
42 462
42 462
43 480
43 482
44 488
44 492
46 516
48 531
48 535
49 544
49 549
50 557
51 562
51 564
51 569
54 597
56 619
56 621
57 637
58 642
62 686
62 692
63 701
64 706
64 708
65 719
65 720
65 724
67 744
68 750
68 756
69 759
69 768
72 796
73 810
74 822
75 831
76 840
77 850
77 857
81 896
83 918
84 931
85 936
86 947
86 947
87 961
87 966
88 974
90 998
91 1003
91 1006
93 1025
93 1030
93 1032
95 1051
95 1052
96 1064
97 1074
100
0 0
0 1
3 4
3 5
3 5
3 5
4 6
5 7
5 7
8 11
9 12
11 14
11 14
11 15
11 15
13 17
15 19
16 21
17 22
17 22
19 24
19 25
22 28
23 30
24 31
25 32
26 33
26 34
27 35
29 37
30 38
30 39
30 39
33 42
34 43
34 43
34 44
36 46
37 47
42 54
44 56
45 57
45 57
49 62
49 62
49 62
51 65
52 66
52 66
53 68
53 68
53 68
54 69
54 69
55 70
55 70
55 70
56 71
57 72
57 72
58 74
60 76
61 77
61 78
61 78
62 79
64 81
64 81
65 82
65 83
67 85
68 86
69 87
69 87
69 88
70 89
73 92
74 94
74 94
76 97
77 98
77 98
79 100
81 103
82 104
83 105
83 105
84 106
85 108
85 108
86 109
87 110
87 110
89 113
89 113
92 117
93 118
95 120
96 121
100 126
100
0 8
1 21
1 23
2 38
2 44
5 90
6 107
7 124
7 128
10 177
10 186
11 191
12 221
12 223
15 274
16 276
16 281
18 319
20 357
20 357
20 359
20 360
22 386
22 387
23 396
23 411
24 415
24 419
25 432
27 481
28 483
28 484
28 491
30 524
30 529
33 569
33 575
33 577
33 578
34 598
35 607
37 647
39 678
41 706
42 725
42 733
44 765
44 766
44 766
44 768
46 801
47 809
47 812
47 821
49 850
49 855
51 885
52 900
54 943
56 965
56 969
57 992
58 1002
58 1012
59 1021
62 1066
62 1078
63 1091
65 1130
66 1138
67 1157
72 1238
73 1270
76 1313
76 1317
76 1322
78 1342
78 1352
79 1359
80 1387
82 1413
84 1456
87 1507
88 1524
88 1527
88 1529
90 1549
90 1550
92 1583
92 1589
93 1611
94 1617
94 1628
96 1651
96 1654
97 1668
97 1669
98 1691
98 1699
99 1713
100
1 22
2 23
3 41
3 42
4 45
4 51
5 62
6 72
7 79
7 83
9 105
10 121
14 164
14 166
17 197
17 198
17 198
17 199
19 219
23 262
23 264
24 269
24 276
26 300
29 330
30 341
31 353
32 356
33 370
34 387
34 388
35 392
36 404
37 418
38 427
39 439
41 457
41 457
41 461
41 462
42 475
43 480
44 491
44 498
44 500
45 509
47 532
48 541
49 550
49 551
50 564
51 577
53 598
54 609
57 635
57 639
58 647
58 655
58 656
59 662
59 666
65 731
65 732
68 758
68 759
68 765
70 784
71 790
71 799
72 804
75 835
75 835
75 837
76 846
77 862
77 866
78 875
78 878
79 883
81 903
81 905
82 920
83 934
84 945
85 954
86 959
87 972
88 979
89 990
90 1007
90 1010
90 1011
93 1043
93 1045
95 1061
95 1064
96 1070
96 1077
99 1102
100 1112
100
0 1
0 3
2 18
4 32
4 35
5 39
5 42
7 62
9 74
9 77
10 80
13 102
14 115
15 122
15 123
17 133
17 136
17 137
17 139
21 167
23 184
25 199
26 207
26 208
27 214
28 225
28 226
29 233
30 239
31 249
32 253
32 255
33 263
36 284
36 284
36 288
38 301
40 314
40 314
40 318
42 332
43 339
43 341
43 343
45 352
45 357
46 360
46 362
47 372
48 379
50 390
50 390
51 405
51 405
53 414
53 421
54 423
54 426
55 430
55 431
56 437
57 446
57 449
58 458
59 461
60 468
60 472
61 478
63 493
63 498
64 501
69 539
70 546
70 551
71 554
72 569
73 575
75 591
76 595
77 606
79 617
79 623
81 639
82 642
84 657
85 667
85 670
88 691
89 701
90 705
90 708
91 712
93 726
93 731
94 738
96 750
96 756
96 756
97 759
100 780
